#msc E E^2 |M| M^2 accepted
10 -8 64 4 16 0
20 -8 64 4 16 0
30 -8 64 4 16 0
40 -8 64 4 16 0
50 -8 64 4 16 0
60 -8 64 4 16 0
70 -8 64 4 16 0
80 -8 64 4 16 0
90 -8 64 4 16 0
100 -8 64 4 16 0
110 -8 64 4 16 0
120 -8 64 4 16 0
130 -8 64 4 16 0
140 -8 64 4 16 0
150 -8 64 4 16 0
160 -8 64 4 16 0
170 -8 64 4 16 0
180 -8 64 4 16 0
190 -8 64 4 16 0
200 -8 64 4 16 0
210 -8 64 4 16 0
220 -8 64 4 16 0
230 -8 64 4 16 0
240 -8 64 4 16 0
250 -8 64 4 16 0
260 -8 64 4 16 0
270 -8 64 4 16 0
280 -8 64 4 16 0
290 -8 64 4 16 0
300 -8 64 4 16 0
310 -8 64 4 16 0
320 -8 64 4 16 0
330 -8 64 4 16 0
340 -8 64 4 16 0
350 -8 64 4 16 0
360 -8 64 4 16 0
370 -8 64 4 16 0
380 -8 64 4 16 0
390 -8 64 4 16 0
400 -8 64 4 16 0
410 -8 64 4 16 0
420 -8 64 4 16 0
430 -8 64 4 16 0
440 -8 64 4 16 0
450 -8 64 4 16 0
460 -8 64 4 16 0
470 -8 64 4 16 0
480 -8 64 4 16 0
490 -8 64 4 16 0
500 -7.968 63.744 3.988 15.944 0
510 -7.96863 63.749 3.98824 15.9451 0
520 -7.96923 63.7538 3.98846 15.9462 0
530 -7.96981 63.7585 3.98868 15.9472 0
540 -7.97037 63.763 3.98889 15.9481 0
550 -7.97091 63.7673 3.98909 15.9491 0
560 -7.97143 63.7714 3.98929 15.95 0
570 -7.97193 63.7754 3.98947 15.9509 0
580 -7.97241 63.7793 3.98966 15.9517 0
590 -7.97288 63.7831 3.98983 15.9525 0
600 -7.97333 63.7867 3.99 15.9533 0
610 -7.97377 63.7902 3.99016 15.9541 0
620 -7.97419 63.7935 3.99032 15.9548 0
630 -7.9746 63.7968 3.99048 15.9556 0
640 -7.975 63.8 3.99063 15.9563 0
650 -7.97538 63.8031 3.99077 15.9569 0
660 -7.97576 63.8061 3.99091 15.9576 0
670 -7.97612 63.809 3.99104 15.9582 0
680 -7.97647 63.8118 3.99118 15.9588 0
690 -7.97681 63.8145 3.9913 15.9594 0
700 -7.97714 63.8171 3.99143 15.96 0
710 -7.97746 63.8197 3.99155 15.9606 0
720 -7.97778 63.8222 3.99167 15.9611 0
730 -7.97808 63.8247 3.99178 15.9616 0
740 -7.97838 63.827 3.99189 15.9622 0
750 -7.97867 63.8293 3.992 15.9627 0
760 -7.97895 63.8316 3.99211 15.9632 0
770 -7.97922 63.8338 3.99221 15.9636 0
780 -7.97949 63.8359 3.99231 15.9641 0
790 -7.97975 63.838 3.99241 15.9646 0
800 -7.98 63.84 3.9925 15.965 0
810 -7.98025 63.842 3.99259 15.9654 0
820 -7.98049 63.8439 3.99268 15.9659 0
830 -7.98072 63.8458 3.99277 15.9663 0
840 -7.98095 63.8476 3.99286 15.9667 0
850 -7.98118 63.8494 3.99294 15.9671 0
860 -7.9814 63.8512 3.99302 15.9674 0
870 -7.98161 63.8529 3.9931 15.9678 0
880 -7.98182 63.8545 3.99318 15.9682 0
890 -7.98202 63.8562 3.99326 15.9685 0
900 -7.98222 63.8578 3.99333 15.9689 0
910 -7.98242 63.8593 3.99341 15.9692 0
920 -7.98261 63.8609 3.99348 15.9696 0
930 -7.9828 63.8624 3.99355 15.9699 0
940 -7.98298 63.8638 3.99362 15.9702 0
950 -7.98316 63.8653 3.99368 15.9705 0
960 -7.98333 63.8667 3.99375 15.9708 0
970 -7.98351 63.868 3.99381 15.9711 0
980 -7.98367 63.8694 3.99388 15.9714 0
990 -7.98384 63.8707 3.99394 15.9717 0
1000 -7.984 63.872 3.994 15.972 0
1010 -7.98416 63.8733 3.99406 15.9723 0
1020 -7.98431 63.8745 3.99412 15.9725 0
1030 -7.98447 63.8757 3.99417 15.9728 0
1040 -7.98462 63.8769 3.99423 15.9731 0
1050 -7.98476 63.8781 3.99429 15.9733 0
1060 -7.98491 63.8792 3.99434 15.9736 0
1070 -7.98505 63.8804 3.99439 15.9738 0
1080 -7.98519 63.8815 3.99444 15.9741 0
1090 -7.98532 63.8826 3.9945 15.9743 0
1100 -7.98545 63.8836 3.99455 15.9745 0
1110 -7.98559 63.8847 3.99459 15.9748 0
1120 -7.98571 63.8857 3.99464 15.975 0
1130 -7.98584 63.8867 3.99469 15.9752 0
1140 -7.98596 63.8877 3.99474 15.9754 0
1150 -7.98609 63.8887 3.99478 15.9757 0
1160 -7.98621 63.8897 3.99483 15.9759 0
1170 -7.98632 63.8906 3.99487 15.9761 0
1180 -7.98644 63.8915 3.99492 15.9763 0
1190 -7.98655 63.8924 3.99496 15.9765 0
1200 -7.98667 63.8933 3.995 15.9767 0
1210 -7.98678 63.8942 3.99504 15.9769 0
1220 -7.98689 63.8951 3.99508 15.977 0
1230 -7.98699 63.8959 3.99512 15.9772 0
1240 -7.9871 63.8968 3.99516 15.9774 0
1250 -7.9872 63.8976 3.9952 15.9776 0
1260 -7.9873 63.8984 3.99524 15.9778 0
1270 -7.9874 63.8992 3.99528 15.978 0
1280 -7.9875 63.9 3.99531 15.9781 0
1290 -7.9876 63.9008 3.99535 15.9783 0
1300 -7.98769 63.9015 3.99538 15.9785 0
1310 -7.98779 63.9023 3.99542 15.9786 0
1320 -7.98788 63.903 3.99545 15.9788 0
1330 -7.98797 63.9038 3.99549 15.9789 0
1340 -7.98806 63.9045 3.99552 15.9791 0
1350 -7.98815 63.9052 3.99556 15.9793 0
1360 -7.98824 63.9059 3.99559 15.9794 0
1370 -7.98832 63.9066 3.99562 15.9796 0
1380 -7.98841 63.9072 3.99565 15.9797 0
1390 -7.98849 63.9079 3.99568 15.9799 0
1400 -7.98857 63.9086 3.99571 15.98 0
1410 -7.98865 63.9092 3.99574 15.9801 0
1420 -7.98873 63.9099 3.99577 15.9803 0
1430 -7.98881 63.9105 3.9958 15.9804 0
1440 -7.98889 63.9111 3.99583 15.9806 0
1450 -7.98897 63.9117 3.99586 15.9807 0
1460 -7.98904 63.9123 3.99589 15.9808 0
1470 -7.98912 63.9129 3.99592 15.981 0
1480 -7.98919 63.9135 3.99595 15.9811 0
1490 -7.98926 63.9141 3.99597 15.9812 0
1500 -7.98933 63.9147 3.996 15.9813 0
1510 -7.9894 63.9152 3.99603 15.9815 0
1520 -7.98947 63.9158 3.99605 15.9816 0
1530 -7.98954 63.9163 3.99608 15.9817 0
1540 -7.98961 63.9169 3.9961 15.9818 0
1550 -7.98968 63.9174 3.99613 15.9819 0
1560 -7.98974 63.9179 3.99615 15.9821 0
1570 -7.98981 63.9185 3.99618 15.9822 0
1580 -7.98987 63.919 3.9962 15.9823 0
1590 -7.98994 63.9195 3.99623 15.9824 0
1600 -7.99 63.92 3.99625 15.9825 0
1610 -7.99006 63.9205 3.99627 15.9826 0
1620 -7.99012 63.921 3.9963 15.9827 0
1630 -7.99018 63.9215 3.99632 15.9828 0
1640 -7.99024 63.922 3.99634 15.9829 0
1650 -7.9903 63.9224 3.99636 15.983 0
1660 -7.99036 63.9229 3.99639 15.9831 0
1670 -7.99042 63.9234 3.99641 15.9832 0
1680 -7.99048 63.9238 3.99643 15.9833 0
1690 -7.99053 63.9243 3.99645 15.9834 0
1700 -7.99059 63.9247 3.99647 15.9835 0
1710 -7.99064 63.9251 3.99649 15.9836 0
1720 -7.9907 63.9256 3.99651 15.9837 0
1730 -7.99075 63.926 3.99653 15.9838 0
1740 -7.9908 63.9264 3.99655 15.9839 0
1750 -7.99086 63.9269 3.99657 15.984 0
1760 -7.99091 63.9273 3.99659 15.9841 0
1770 -7.99096 63.9277 3.99661 15.9842 0
1780 -7.99101 63.9281 3.99663 15.9843 0
1790 -7.99106 63.9285 3.99665 15.9844 0
1800 -7.99111 63.9289 3.99667 15.9844 0
1810 -7.99116 63.9293 3.99669 15.9845 0
1820 -7.99121 63.9297 3.9967 15.9846 0
1830 -7.99126 63.9301 3.99672 15.9847 0
1840 -7.9913 63.9304 3.99674 15.9848 0
1850 -7.99135 63.9308 3.99676 15.9849 0
1860 -7.9914 63.9312 3.99677 15.9849 0
1870 -7.99144 63.9316 3.99679 15.985 0
1880 -7.99149 63.9319 3.99681 15.9851 0
1890 -7.99153 63.9323 3.99683 15.9852 0
1900 -7.99158 63.9326 3.99684 15.9853 0
1910 -7.99162 63.933 3.99686 15.9853 0
1920 -7.99167 63.9333 3.99688 15.9854 0
1930 -7.99171 63.9337 3.99689 15.9855 0
1940 -7.99175 63.934 3.99691 15.9856 0
1950 -7.99179 63.9344 3.99692 15.9856 0
1960 -7.99184 63.9347 3.99694 15.9857 0
1970 -7.99188 63.935 3.99695 15.9858 0
1980 -7.99192 63.9354 3.99697 15.9859 0
1990 -7.99196 63.9357 3.99698 15.9859 0
2000 -7.992 63.936 3.997 15.986 0
2010 -7.99204 63.9363 3.99701 15.9861 0
2020 -7.99208 63.9366 3.99703 15.9861 0
2030 -7.99212 63.9369 3.99704 15.9862 0
2040 -7.99216 63.9373 3.99706 15.9863 0
2050 -7.9922 63.9376 3.99707 15.9863 0
2060 -7.99223 63.9379 3.99709 15.9864 0
2070 -7.99227 63.9382 3.9971 15.9865 0
2080 -7.99231 63.9385 3.99712 15.9865 0
2090 -7.99234 63.9388 3.99713 15.9866 0
2100 -7.99238 63.939 3.99714 15.9867 0
2110 -7.99242 63.9393 3.99716 15.9867 0
2120 -7.99245 63.9396 3.99717 15.9868 0
2130 -7.99249 63.9399 3.99718 15.9869 0
2140 -7.99252 63.9402 3.9972 15.9869 0
2150 -7.99256 63.9405 3.99721 15.987 0
2160 -7.99259 63.9407 3.99722 15.987 0
2170 -7.99263 63.941 3.99724 15.9871 0
2180 -7.99266 63.9413 3.99725 15.9872 0
2190 -7.99269 63.9416 3.99726 15.9872 0
2200 -7.99273 63.9418 3.99727 15.9873 0
2210 -7.99276 63.9421 3.99729 15.9873 0
2220 -7.99279 63.9423 3.9973 15.9874 0
2230 -7.99283 63.9426 3.99731 15.9874 0
2240 -7.99286 63.9429 3.99732 15.9875 0
2250 -7.99289 63.9431 3.99733 15.9876 0
2260 -7.99292 63.9434 3.99735 15.9876 0
2270 -7.99295 63.9436 3.99736 15.9877 0
2280 -7.99298 63.9439 3.99737 15.9877 0
2290 -7.99301 63.9441 3.99738 15.9878 0
2300 -7.99304 63.9443 3.99739 15.9878 0
2310 -7.99307 63.9446 3.9974 15.9879 0
2320 -7.9931 63.9448 3.99741 15.9879 0
2330 -7.99313 63.9451 3.99742 15.988 0
2340 -7.99316 63.9453 3.99744 15.988 0
2350 -7.99319 63.9455 3.99745 15.9881 0
2360 -7.99322 63.9458 3.99746 15.9881 0
2370 -7.99325 63.946 3.99747 15.9882 0
2380 -7.99328 63.9462 3.99748 15.9882 0
2390 -7.99331 63.9464 3.99749 15.9883 0
2400 -7.99333 63.9467 3.9975 15.9883 0
2410 -7.99336 63.9469 3.99751 15.9884 0
2420 -7.99339 63.9471 3.99752 15.9884 0
2430 -7.99342 63.9473 3.99753 15.9885 0
2440 -7.99344 63.9475 3.99754 15.9885 0
2450 -7.99347 63.9478 3.99755 15.9886 0
2460 -7.9935 63.948 3.99756 15.9886 0
2470 -7.99352 63.9482 3.99757 15.9887 0
2480 -7.99355 63.9484 3.99758 15.9887 0
2490 -7.99357 63.9486 3.99759 15.9888 0
2500 -7.9936 63.9488 3.9976 15.9888 0
2510 -7.99363 63.949 3.99761 15.9888 0
2520 -7.99365 63.9492 3.99762 15.9889 0
2530 -7.99368 63.9494 3.99763 15.9889 0
2540 -7.9937 63.9496 3.99764 15.989 0
2550 -7.99373 63.9498 3.99765 15.989 0
2560 -7.99375 63.95 3.99766 15.9891 0
2570 -7.99377 63.9502 3.99767 15.9891 0
2580 -7.9938 63.9504 3.99767 15.9891 0
2590 -7.99382 63.9506 3.99768 15.9892 0
2600 -7.99385 63.9508 3.99769 15.9892 0
2610 -7.99387 63.951 3.9977 15.9893 0
2620 -7.99389 63.9511 3.99771 15.9893 0
2630 -7.99392 63.9513 3.99772 15.9894 0
2640 -7.99394 63.9515 3.99773 15.9894 0
2650 -7.99396 63.9517 3.99774 15.9894 0
2660 -7.99398 63.9519 3.99774 15.9895 0
2670 -7.99401 63.9521 3.99775 15.9895 0
2680 -7.99403 63.9522 3.99776 15.9896 0
2690 -7.99405 63.9524 3.99777 15.9896 0
2700 -7.99407 63.9526 3.99778 15.9896 0
2710 -7.9941 63.9528 3.99779 15.9897 0
2720 -7.99412 63.9529 3.99779 15.9897 0
2730 -7.99414 63.9531 3.9978 15.9897 0
2740 -7.99416 63.9533 3.99781 15.9898 0
2750 -7.99418 63.9535 3.99782 15.9898 0
2760 -7.9942 63.9536 3.99783 15.9899 0
2770 -7.99422 63.9538 3.99783 15.9899 0
2780 -7.99424 63.954 3.99784 15.9899 0
2790 -7.99427 63.9541 3.99785 15.99 0
2800 -7.99429 63.9543 3.99786 15.99 0
2810 -7.99431 63.9544 3.99786 15.99 0
2820 -7.99433 63.9546 3.99787 15.9901 0
2830 -7.99435 63.9548 3.99788 15.9901 0
2840 -7.99437 63.9549 3.99789 15.9901 0
2850 -7.99439 63.9551 3.99789 15.9902 0
2860 -7.99441 63.9552 3.9979 15.9902 0
2870 -7.99443 63.9554 3.99791 15.9902 0
2880 -7.99444 63.9556 3.99792 15.9903 0
2890 -7.99446 63.9557 3.99792 15.9903 0
2900 -7.99448 63.9559 3.99793 15.9903 0
2910 -7.9945 63.956 3.99794 15.9904 0
2920 -7.99452 63.9562 3.99795 15.9904 0
2930 -7.99454 63.9563 3.99795 15.9904 0
2940 -7.99456 63.9565 3.99796 15.9905 0
2950 -7.99458 63.9566 3.99797 15.9905 0
2960 -7.99459 63.9568 3.99797 15.9905 0
2970 -7.99461 63.9569 3.99798 15.9906 0
2980 -7.99463 63.957 3.99799 15.9906 0
2990 -7.99465 63.9572 3.99799 15.9906 0
3000 -7.99467 63.9573 3.998 15.9907 0
3010 -7.99468 63.9575 3.99801 15.9907 0
3020 -7.9947 63.9576 3.99801 15.9907 0
3030 -7.99472 63.9578 3.99802 15.9908 0
3040 -7.99474 63.9579 3.99803 15.9908 0
3050 -7.99475 63.958 3.99803 15.9908 0
3060 -7.99477 63.9582 3.99804 15.9908 0
3070 -7.99479 63.9583 3.99805 15.9909 0
3080 -7.99481 63.9584 3.99805 15.9909 0
3090 -7.99482 63.9586 3.99806 15.9909 0
3100 -7.99484 63.9587 3.99806 15.991 0
3110 -7.99486 63.9588 3.99807 15.991 0
3120 -7.99487 63.959 3.99808 15.991 0
3130 -7.99489 63.9591 3.99808 15.9911 0
3140 -7.9949 63.9592 3.99809 15.9911 0
3150 -7.99492 63.9594 3.9981 15.9911 0
3160 -7.99494 63.9595 3.9981 15.9911 0
3170 -7.99495 63.9596 3.99811 15.9912 0
3180 -7.99497 63.9597 3.99811 15.9912 0
3190 -7.99498 63.9599 3.99812 15.9912 0
3200 -7.995 63.96 3.99812 15.9913 0
3210 -7.99502 63.9601 3.99813 15.9913 0
3220 -7.99503 63.9602 3.99814 15.9913 0
3230 -7.99505 63.9604 3.99814 15.9913 0
3240 -7.99506 63.9605 3.99815 15.9914 0
3250 -7.99508 63.9606 3.99815 15.9914 0
3260 -7.99509 63.9607 3.99816 15.9914 0
3270 -7.99511 63.9609 3.99817 15.9914 0
3280 -7.99512 63.961 3.99817 15.9915 0
3290 -7.99514 63.9611 3.99818 15.9915 0
3300 -7.99515 63.9612 3.99818 15.9915 0
3310 -7.99517 63.9613 3.99819 15.9915 0
3320 -7.99518 63.9614 3.99819 15.9916 0
3330 -7.9952 63.9616 3.9982 15.9916 0
3340 -7.99521 63.9617 3.9982 15.9916 0
3350 -7.99522 63.9618 3.99821 15.9916 0
3360 -7.99524 63.9619 3.99821 15.9917 0
3370 -7.99525 63.962 3.99822 15.9917 0
3380 -7.99527 63.9621 3.99822 15.9917 0
3390 -7.99528 63.9622 3.99823 15.9917 0
3400 -7.99529 63.9624 3.99824 15.9918 0
3410 -7.99531 63.9625 3.99824 15.9918 0
3420 -7.99532 63.9626 3.99825 15.9918 0
3430 -7.99534 63.9627 3.99825 15.9918 0
3440 -7.99535 63.9628 3.99826 15.9919 0
3450 -7.99536 63.9629 3.99826 15.9919 0
3460 -7.99538 63.963 3.99827 15.9919 0
3470 -7.99539 63.9631 3.99827 15.9919 0
3480 -7.9954 63.9632 3.99828 15.992 0
3490 -7.99542 63.9633 3.99828 15.992 0
3500 -7.99543 63.9634 3.99829 15.992 0
3510 -7.99544 63.9635 3.99829 15.992 0
3520 -7.99545 63.9636 3.9983 15.992 0
3530 -7.99547 63.9637 3.9983 15.9921 0
3540 -7.99548 63.9638 3.99831 15.9921 0
3550 -7.99549 63.9639 3.99831 15.9921 0
3560 -7.99551 63.964 3.99831 15.9921 0
3570 -7.99552 63.9641 3.99832 15.9922 0
3580 -7.99553 63.9642 3.99832 15.9922 0
3590 -7.99554 63.9643 3.99833 15.9922 0
3600 -7.99556 63.9644 3.99833 15.9922 0
3610 -7.99557 63.9645 3.99834 15.9922 0
3620 -7.99558 63.9646 3.99834 15.9923 0
3630 -7.99559 63.9647 3.99835 15.9923 0
3640 -7.9956 63.9648 3.99835 15.9923 0
3650 -7.99562 63.9649 3.99836 15.9923 0
3660 -7.99563 63.965 3.99836 15.9923 0
3670 -7.99564 63.9651 3.99837 15.9924 0
3680 -7.99565 63.9652 3.99837 15.9924 0
3690 -7.99566 63.9653 3.99837 15.9924 0
3700 -7.99568 63.9654 3.99838 15.9924 0
3710 -7.99569 63.9655 3.99838 15.9925 0
3720 -7.9957 63.9656 3.99839 15.9925 0
3730 -7.99571 63.9657 3.99839 15.9925 0
3740 -7.99572 63.9658 3.9984 15.9925 0
3750 -7.99573 63.9659 3.9984 15.9925 0
3760 -7.99574 63.966 3.9984 15.9926 0
3770 -7.99576 63.966 3.99841 15.9926 0
3780 -7.99577 63.9661 3.99841 15.9926 0
3790 -7.99578 63.9662 3.99842 15.9926 0
3800 -7.99579 63.9663 3.99842 15.9926 0
3810 -7.9958 63.9664 3.99843 15.9927 0
3820 -7.99581 63.9665 3.99843 15.9927 0
3830 -7.99582 63.9666 3.99843 15.9927 0
3840 -7.99583 63.9667 3.99844 15.9927 0
3850 -7.99584 63.9668 3.99844 15.9927 0
3860 -7.99585 63.9668 3.99845 15.9927 0
3870 -7.99587 63.9669 3.99845 15.9928 0
3880 -7.99588 63.967 3.99845 15.9928 0
3890 -7.99589 63.9671 3.99846 15.9928 0
3900 -7.9959 63.9672 3.99846 15.9928 0
3910 -7.99591 63.9673 3.99847 15.9928 0
3920 -7.99592 63.9673 3.99847 15.9929 0
3930 -7.99593 63.9674 3.99847 15.9929 0
3940 -7.99594 63.9675 3.99848 15.9929 0
3950 -7.99595 63.9676 3.99848 15.9929 0
3960 -7.99596 63.9677 3.99848 15.9929 0
3970 -7.99597 63.9678 3.99849 15.9929 0
3980 -7.99598 63.9678 3.99849 15.993 0
3990 -7.99599 63.9679 3.9985 15.993 0
4000 -7.996 63.968 3.9985 15.993 0
4010 -7.99601 63.9681 3.9985 15.993 0
4020 -7.99602 63.9682 3.99851 15.993 0
4030 -7.99603 63.9682 3.99851 15.9931 0
4040 -7.99604 63.9683 3.99851 15.9931 0
4050 -7.99605 63.9684 3.99852 15.9931 0
4060 -7.99606 63.9685 3.99852 15.9931 0
4070 -7.99607 63.9686 3.99853 15.9931 0
4080 -7.99608 63.9686 3.99853 15.9931 0
4090 -7.99609 63.9687 3.99853 15.9932 0
4100 -7.9961 63.9688 3.99854 15.9932 0
4110 -7.99611 63.9689 3.99854 15.9932 0
4120 -7.99612 63.9689 3.99854 15.9932 0
4130 -7.99613 63.969 3.99855 15.9932 0
4140 -7.99614 63.9691 3.99855 15.9932 0
4150 -7.99614 63.9692 3.99855 15.9933 0
4160 -7.99615 63.9692 3.99856 15.9933 0
4170 -7.99616 63.9693 3.99856 15.9933 0
4180 -7.99617 63.9694 3.99856 15.9933 0
4190 -7.99618 63.9695 3.99857 15.9933 0
4200 -7.99619 63.9695 3.99857 15.9933 0
4210 -7.9962 63.9696 3.99857 15.9933 0
4220 -7.99621 63.9697 3.99858 15.9934 0
4230 -7.99622 63.9697 3.99858 15.9934 0
4240 -7.99623 63.9698 3.99858 15.9934 0
4250 -7.99624 63.9699 3.99859 15.9934 0
4260 -7.99624 63.97 3.99859 15.9934 0
4270 -7.99625 63.97 3.99859 15.9934 0
4280 -7.99626 63.9701 3.9986 15.9935 0
4290 -7.99627 63.9702 3.9986 15.9935 0
4300 -7.99628 63.9702 3.9986 15.9935 0
4310 -7.99629 63.9703 3.99861 15.9935 0
4320 -7.9963 63.9704 3.99861 15.9935 0
4330 -7.9963 63.9704 3.99861 15.9935 0
4340 -7.99631 63.9705 3.99862 15.9935 0
4350 -7.99632 63.9706 3.99862 15.9936 0
4360 -7.99633 63.9706 3.99862 15.9936 0
4370 -7.99634 63.9707 3.99863 15.9936 0
4380 -7.99635 63.9708 3.99863 15.9936 0
4390 -7.99636 63.9708 3.99863 15.9936 0
4400 -7.99636 63.9709 3.99864 15.9936 0
4410 -7.99637 63.971 3.99864 15.9937 0
4420 -7.99638 63.971 3.99864 15.9937 0
4430 -7.99639 63.9711 3.99865 15.9937 0
4440 -7.99099 63.9279 3.99685 15.9847 0
4450 -7.99101 63.9281 3.99685 15.9847 0
4460 -7.99103 63.9283 3.99686 15.9848 0
4470 -7.99105 63.9284 3.99687 15.9848 0
4480 -7.99107 63.9286 3.99688 15.9848 0
4490 -7.99109 63.9287 3.99688 15.9849 0
4500 -7.99111 63.9289 3.99689 15.9849 0
4510 -7.99113 63.929 3.9969 15.9849 0
4520 -7.99115 63.9292 3.9969 15.985 0
4530 -7.99117 63.9294 3.99691 15.985 0
4540 -7.99119 63.9295 3.99692 15.985 0
4550 -7.99121 63.9297 3.99692 15.9851 0
4560 -7.99123 63.9298 3.99693 15.9851 0
4570 -7.99125 63.93 3.99694 15.9851 0
4580 -7.99127 63.9301 3.99694 15.9852 0
4590 -7.99129 63.9303 3.99695 15.9852 0
4600 -7.9913 63.9304 3.99696 15.9852 0
4610 -7.99132 63.9306 3.99696 15.9852 0
4620 -7.99134 63.9307 3.99697 15.9853 0
4630 -7.99136 63.9309 3.99698 15.9853 0
4640 -7.99138 63.931 3.99698 15.9853 0
4650 -7.9914 63.9312 3.99699 15.9854 0
4660 -7.99142 63.9313 3.997 15.9854 0
4670 -7.99143 63.9315 3.997 15.9854 0
4680 -7.99145 63.9316 3.99701 15.9855 0
4690 -7.99147 63.9318 3.99701 15.9855 0
4700 -7.99149 63.9319 3.99702 15.9855 0
4710 -7.99151 63.9321 3.99703 15.9856 0
4720 -7.99153 63.9322 3.99703 15.9856 0
4730 -7.99154 63.9323 3.99704 15.9856 0
4740 -7.99156 63.9325 3.99705 15.9857 0
4750 -7.99158 63.9326 3.99705 15.9857 0
4760 -7.9916 63.9328 3.99706 15.9857 0
4770 -7.99161 63.9329 3.99706 15.9857 0
4780 -7.99163 63.9331 3.99707 15.9858 0
4790 -7.99165 63.9332 3.99708 15.9858 0
4800 -7.99167 63.9333 3.99708 15.9858 0
4810 -7.99168 63.9335 3.99709 15.9859 0
4820 -7.9917 63.9336 3.9971 15.9859 0
4830 -7.99172 63.9337 3.9971 15.9859 0
4840 -7.99174 63.9339 3.99711 15.986 0
4850 -7.99175 63.934 3.99711 15.986 0
4860 -7.99177 63.9342 3.99712 15.986 0
4870 -7.99179 63.9343 3.99713 15.986 0
4880 -7.9918 63.9344 3.99713 15.9861 0
4890 -7.99182 63.9346 3.99714 15.9861 0
4900 -7.99184 63.9347 3.99714 15.9861 0
4910 -7.99185 63.9348 3.99715 15.9862 0
4920 -7.98862 63.9089 3.99553 15.9797 0
4930 -7.98702 63.8961 3.99513 15.9773 0
4940 -7.98704 63.8964 3.99514 15.9773 0
4950 -7.98707 63.8966 3.99515 15.9774 0
4960 -7.9871 63.8968 3.99516 15.9774 0
4970 -7.98712 63.897 3.99517 15.9775 0
4980 -7.98715 63.8972 3.99518 15.9775 0
4990 -7.98717 63.8974 3.99519 15.9776 0
5000 -7.9872 63.8976 3.9952 15.9776 0
5010 -7.98723 63.8978 3.99521 15.9776 0
5020 -7.98725 63.898 3.99522 15.9777 0
5030 -7.98728 63.8982 3.99523 15.9777 0
5040 -7.9873 63.8984 3.99524 15.9778 0
5050 -7.98733 63.8986 3.99525 15.9778 0
5060 -7.98735 63.8988 3.99526 15.9779 0
5070 -7.98738 63.899 3.99527 15.9779 0
5080 -7.9874 63.8992 3.99528 15.978 0
5090 -7.98743 63.8994 3.99528 15.978 0
5100 -7.98745 63.8996 3.99529 15.978 0
5110 -7.98748 63.8998 3.9953 15.9781 0
5120 -7.9875 63.9 3.99531 15.9781 0
5130 -7.98752 63.9002 3.99532 15.9782 0
5140 -7.98755 63.9004 3.99533 15.9782 0
5150 -7.98757 63.9006 3.99534 15.9783 0
5160 -7.9876 63.9008 3.99535 15.9783 0
5170 -7.98762 63.901 3.99536 15.9783 0
5180 -7.98764 63.9012 3.99537 15.9784 0
5190 -7.98767 63.9013 3.99538 15.9784 0
5200 -7.98769 63.9015 3.99538 15.9785 0
5210 -7.98772 63.9017 3.99539 15.9785 0
5220 -7.98774 63.9019 3.9954 15.9785 0
5230 -7.98776 63.9021 3.99541 15.9786 0
5240 -7.98779 63.9023 3.99542 15.9786 0
5250 -7.98781 63.9025 3.99543 15.9787 0
5260 -7.98783 63.9027 3.99544 15.9787 0
5270 -7.98786 63.9028 3.99545 15.9787 0
5280 -7.98788 63.903 3.99545 15.9788 0
5290 -7.9879 63.9032 3.99546 15.9788 0
5300 -7.98792 63.9034 3.99547 15.9789 0
5310 -7.98795 63.9036 3.99548 15.9789 0
5320 -7.98797 63.9038 3.99549 15.9789 0
5330 -7.98799 63.9039 3.9955 15.979 0
5340 -7.98801 63.9041 3.99551 15.979 0
5350 -7.98804 63.9043 3.99551 15.9791 0
5360 -7.98806 63.9045 3.99552 15.9791 0
5370 -7.98808 63.9047 3.99553 15.9791 0
5380 -7.9881 63.9048 3.99554 15.9792 0
5390 -7.98813 63.905 3.99555 15.9792 0
5400 -7.98815 63.9052 3.99556 15.9793 0
5410 -7.98817 63.9054 3.99556 15.9793 0
5420 -7.98819 63.9055 3.99557 15.9793 0
5430 -7.98821 63.9057 3.99558 15.9794 0
5440 -7.98824 63.9059 3.99559 15.9794 0
5450 -7.98826 63.9061 3.9956 15.9794 0
5460 -7.98828 63.9062 3.9956 15.9795 0
5470 -7.9883 63.9064 3.99561 15.9795 0
5480 -7.98832 63.9066 3.99562 15.9796 0
5490 -7.98834 63.9067 3.99563 15.9796 0
5500 -7.98836 63.9069 3.99564 15.9796 0
5510 -7.98838 63.9071 3.99564 15.9797 0
5520 -7.98841 63.9072 3.99565 15.9797 0
5530 -7.98843 63.9074 3.99566 15.9797 0
5540 -7.98845 63.9076 3.99567 15.9798 0
5550 -7.98847 63.9077 3.99568 15.9798 0
5560 -7.98849 63.9079 3.99568 15.9799 0
5570 -7.98851 63.9081 3.99569 15.9799 0
5580 -7.98853 63.9082 3.9957 15.9799 0
5590 -7.98855 63.9084 3.99571 15.98 0
5600 -7.98857 63.9086 3.99571 15.98 0
5610 -7.98859 63.9087 3.99572 15.98 0
5620 -7.98861 63.9089 3.99573 15.9801 0
5630 -7.98863 63.9091 3.99574 15.9801 0
5640 -7.98865 63.9092 3.99574 15.9801 0
5650 -7.98867 63.9094 3.99575 15.9802 0
5660 -7.98869 63.9095 3.99576 15.9802 0
5670 -7.98871 63.9097 3.99577 15.9802 0
5680 -7.98873 63.9099 3.99577 15.9803 0
5690 -7.98875 63.91 3.99578 15.9803 0
5700 -7.98877 63.9102 3.99579 15.9804 0
5710 -7.98879 63.9103 3.9958 15.9804 0
5720 -7.98881 63.9105 3.9958 15.9804 0
5730 -7.98883 63.9106 3.99581 15.9805 0
5740 -7.98885 63.9108 3.99582 15.9805 0
5750 -7.98887 63.911 3.99583 15.9805 0
5760 -7.98889 63.9111 3.99583 15.9806 0
5770 -7.98891 63.9113 3.99584 15.9806 0
5780 -7.98893 63.9114 3.99585 15.9806 0
5790 -7.98895 63.9116 3.99585 15.9807 0
5800 -7.98897 63.9117 3.99586 15.9807 0
5810 -7.98898 63.9119 3.99587 15.9807 0
5820 -7.989 63.912 3.99588 15.9808 0
5830 -7.98902 63.9122 3.99588 15.9808 0
5840 -7.98904 63.9123 3.99589 15.9808 0
5850 -7.98906 63.9125 3.9959 15.9809 0
5860 -7.98908 63.9126 3.9959 15.9809 0
5870 -7.9891 63.9128 3.99591 15.9809 0
5880 -7.98912 63.9129 3.99592 15.981 0
5890 -7.98913 63.9131 3.99593 15.981 0
5900 -7.98915 63.9132 3.99593 15.981 0
5910 -7.98917 63.9134 3.99594 15.981 0
5920 -7.98919 63.9135 3.99595 15.9811 0
5930 -7.98921 63.9137 3.99595 15.9811 0
5940 -7.98923 63.9138 3.99596 15.9811 0
5950 -7.98924 63.9139 3.99597 15.9812 0
5960 -7.98926 63.9141 3.99597 15.9812 0
5970 -7.98928 63.9142 3.99598 15.9812 0
5980 -7.9893 63.9144 3.99599 15.9813 0
5990 -7.98932 63.9145 3.99599 15.9813 0
6000 -7.98933 63.9147 3.996 15.9813 0
6010 -7.98935 63.9148 3.99601 15.9814 0
6020 -7.98937 63.915 3.99601 15.9814 0
6030 -7.98939 63.9151 3.99602 15.9814 0
6040 -7.9894 63.9152 3.99603 15.9815 0
6050 -7.98942 63.9154 3.99603 15.9815 0
6060 -7.98944 63.9155 3.99604 15.9815 0
6070 -7.98946 63.9157 3.99605 15.9815 0
6080 -7.98947 63.9158 3.99605 15.9816 0
6090 -7.98949 63.9159 3.99606 15.9816 0
6100 -7.98951 63.9161 3.99607 15.9816 0
6110 -7.98953 63.9162 3.99607 15.9817 0
6120 -7.98954 63.9163 3.99608 15.9817 0
6130 -7.98956 63.9165 3.99608 15.9817 0
6140 -7.98958 63.9166 3.99609 15.9818 0
6150 -7.98959 63.9167 3.9961 15.9818 0
6160 -7.98961 63.9169 3.9961 15.9818 0
6170 -7.98963 63.917 3.99611 15.9818 0
6180 -7.98964 63.9172 3.99612 15.9819 0
6190 -7.98966 63.9173 3.99612 15.9819 0
6200 -7.98968 63.9174 3.99613 15.9819 0
6210 -7.98969 63.9176 3.99614 15.982 0
6220 -7.98971 63.9177 3.99614 15.982 0
6230 -7.98973 63.9178 3.99615 15.982 0
6240 -7.98974 63.9179 3.99615 15.9821 0
6250 -7.98976 63.9181 3.99616 15.9821 0
6260 -7.98978 63.9182 3.99617 15.9821 0
6270 -7.98979 63.9183 3.99617 15.9821 0
6280 -7.98981 63.9185 3.99618 15.9822 0
6290 -7.98983 63.9186 3.99618 15.9822 0
6300 -7.98984 63.9187 3.99619 15.9822 0
6310 -7.98986 63.9189 3.9962 15.9823 0
6320 -7.98987 63.919 3.9962 15.9823 0
6330 -7.98989 63.9191 3.99621 15.9823 0
6340 -7.98991 63.9192 3.99621 15.9823 0
6350 -7.98992 63.9194 3.99622 15.9824 0
6360 -7.98994 63.9195 3.99623 15.9824 0
6370 -7.98995 63.9196 3.99623 15.9824 0
6380 -7.98997 63.9197 3.99624 15.9824 0
6390 -7.98998 63.9199 3.99624 15.9825 0
6400 -7.99 63.92 3.99625 15.9825 0
6410 -7.99002 63.9201 3.99626 15.9825 0
6420 -7.99003 63.9202 3.99626 15.9826 0
6430 -7.99005 63.9204 3.99627 15.9826 0
6440 -7.99006 63.9205 3.99627 15.9826 0
6450 -7.99008 63.9206 3.99628 15.9826 0
6460 -7.99009 63.9207 3.99628 15.9827 0
6470 -7.99011 63.9209 3.99629 15.9827 0
6480 -7.99012 63.921 3.9963 15.9827 0
6490 -7.99014 63.9211 3.9963 15.9827 0
6500 -7.99015 63.9212 3.99631 15.9828 0
6510 -7.99017 63.9214 3.99631 15.9828 0
6520 -7.99018 63.9215 3.99632 15.9828 0
6530 -7.9902 63.9216 3.99632 15.9828 0
6540 -7.99021 63.9217 3.99633 15.9829 0
6550 -7.99023 63.9218 3.99634 15.9829 0
6560 -7.99024 63.922 3.99634 15.9829 0
6570 -7.99026 63.9221 3.99635 15.983 0
6580 -7.99027 63.9222 3.99635 15.983 0
6590 -7.99029 63.9223 3.99636 15.983 0
6600 -7.9903 63.9224 3.99636 15.983 0
6610 -7.99032 63.9225 3.99637 15.9831 0
6620 -7.99033 63.9227 3.99637 15.9831 0
6630 -7.99035 63.9228 3.99638 15.9831 0
6640 -7.99036 63.9229 3.99639 15.9831 0
6650 -7.99038 63.923 3.99639 15.9832 0
6660 -7.99039 63.9231 3.9964 15.9832 0
6670 -7.9904 63.9232 3.9964 15.9832 0
6680 -7.99042 63.9234 3.99641 15.9832 0
6690 -7.99043 63.9235 3.99641 15.9833 0
6700 -7.99045 63.9236 3.99642 15.9833 0
6710 -7.99046 63.9237 3.99642 15.9833 0
6720 -7.99048 63.9238 3.99643 15.9833 0
6730 -7.98811 63.9049 3.99554 15.9792 0
6740 -7.98576 63.8861 3.99466 15.9751 0
6750 -7.98578 63.8862 3.99467 15.9751 0
6760 -7.9858 63.8864 3.99467 15.9751 0
6770 -7.98582 63.8866 3.99468 15.9752 0
6780 -7.98584 63.8867 3.99469 15.9752 0
6790 -7.98586 63.8869 3.9947 15.9753 0
6800 -7.98588 63.8871 3.99471 15.9753 0
6810 -7.9859 63.8872 3.99471 15.9753 0
6820 -7.98592 63.8874 3.99472 15.9754 0
6830 -7.98594 63.8876 3.99473 15.9754 0
6840 -7.98596 63.8877 3.99474 15.9754 0
6850 -7.98599 63.8879 3.99474 15.9755 0
6860 -7.98601 63.888 3.99475 15.9755 0
6870 -7.98603 63.8882 3.99476 15.9755 0
6880 -7.98605 63.8884 3.99477 15.9756 0
6890 -7.98607 63.8885 3.99478 15.9756 0
6900 -7.98609 63.8887 3.99478 15.9757 0
6910 -7.98611 63.8889 3.99479 15.9757 0
6920 -7.98613 63.889 3.9948 15.9757 0
6930 -7.98615 63.8892 3.99481 15.9758 0
6940 -7.98617 63.8893 3.99481 15.9758 0
6950 -7.98619 63.8895 3.99482 15.9758 0
6960 -7.98621 63.8897 3.99483 15.9759 0
6970 -7.98623 63.8898 3.99484 15.9759 0
6980 -7.98625 63.89 3.99484 15.9759 0
6990 -7.98627 63.8901 3.99485 15.976 0
7000 -7.98629 63.8903 3.99486 15.976 0
7010 -7.98631 63.8904 3.99486 15.976 0
7020 -7.98632 63.8906 3.99487 15.9761 0
7030 -7.98634 63.8908 3.99488 15.9761 0
7040 -7.98636 63.8909 3.99489 15.9761 0
7050 -7.98638 63.8911 3.99489 15.9762 0
7060 -7.9864 63.8912 3.9949 15.9762 0
7070 -7.98642 63.8914 3.99491 15.9762 0
7080 -7.98644 63.8915 3.99492 15.9763 0
7090 -7.98646 63.8917 3.99492 15.9763 0
7100 -7.98648 63.8918 3.99493 15.9763 0
7110 -7.9865 63.892 3.99494 15.9764 0
7120 -7.98652 63.8921 3.99494 15.9764 0
7130 -7.98654 63.8923 3.99495 15.9764 0
7140 -7.98655 63.8924 3.99496 15.9765 0
7150 -7.98657 63.8926 3.99497 15.9765 0
7160 -7.98659 63.8927 3.99497 15.9765 0
7170 -7.98661 63.8929 3.99498 15.9766 0
7180 -7.98663 63.893 3.99499 15.9766 0
7190 -7.98665 63.8932 3.99499 15.9766 0
7200 -7.98667 63.8933 3.995 15.9767 0
7210 -7.98669 63.8935 3.99501 15.9767 0
7220 -7.9867 63.8936 3.99501 15.9767 0
7230 -7.98672 63.8938 3.99502 15.9768 0
7240 -7.98674 63.8939 3.99503 15.9768 0
7250 -7.98676 63.8941 3.99503 15.9768 0
7260 -7.98678 63.8942 3.99504 15.9769 0
7270 -7.9868 63.8944 3.99505 15.9769 0
7280 -7.98681 63.8945 3.99505 15.9769 0
7290 -7.98683 63.8947 3.99506 15.977 0
7300 -7.98685 63.8948 3.99507 15.977 0
7310 -7.98687 63.8949 3.99508 15.977 0
7320 -7.98689 63.8951 3.99508 15.977 0
7330 -7.9869 63.8952 3.99509 15.9771 0
7340 -7.98692 63.8954 3.9951 15.9771 0
7350 -7.98694 63.8955 3.9951 15.9771 0
7360 -7.98696 63.8957 3.99511 15.9772 0
7370 -7.98697 63.8958 3.99512 15.9772 0
7380 -7.98699 63.8959 3.99512 15.9772 0
7390 -7.98701 63.8961 3.99513 15.9773 0
7400 -7.98703 63.8962 3.99514 15.9773 0
7410 -7.98704 63.8964 3.99514 15.9773 0
7420 -7.98706 63.8965 3.99515 15.9774 0
7430 -7.98708 63.8966 3.99515 15.9774 0
7440 -7.9871 63.8968 3.99516 15.9774 0
7450 -7.98711 63.8969 3.99517 15.9774 0
7460 -7.98713 63.8971 3.99517 15.9775 0
7470 -7.98715 63.8972 3.99518 15.9775 0
7480 -7.98717 63.8973 3.99519 15.9775 0
7490 -7.98718 63.8975 3.99519 15.9776 0
7500 -7.9872 63.8976 3.9952 15.9776 0
7510 -7.98722 63.8977 3.99521 15.9776 0
7520 -7.98723 63.8979 3.99521 15.9777 0
7530 -7.98725 63.898 3.99522 15.9777 0
7540 -7.98727 63.8981 3.99523 15.9777 0
7550 -7.98728 63.8983 3.99523 15.9777 0
7560 -7.9873 63.8984 3.99524 15.9778 0
7570 -7.98732 63.8985 3.99524 15.9778 0
7580 -7.98734 63.8987 3.99525 15.9778 0
7590 -7.98735 63.8988 3.99526 15.9779 0
7600 -7.98737 63.8989 3.99526 15.9779 0
7610 -7.98739 63.8991 3.99527 15.9779 0
7620 -7.9874 63.8992 3.99528 15.978 0
7630 -7.98742 63.8993 3.99528 15.978 0
7640 -7.98743 63.8995 3.99529 15.978 0
7650 -7.98745 63.8996 3.99529 15.978 0
7660 -7.98747 63.8997 3.9953 15.9781 0
7670 -7.98748 63.8999 3.99531 15.9781 0
7680 -7.9875 63.9 3.99531 15.9781 0
7690 -7.98752 63.9001 3.99532 15.9782 0
7700 -7.98753 63.9003 3.99532 15.9782 0
7710 -7.98755 63.9004 3.99533 15.9782 0
7720 -7.98756 63.9005 3.99534 15.9782 0
7730 -7.98758 63.9006 3.99534 15.9783 0
7740 -7.9876 63.9008 3.99535 15.9783 0
7750 -7.98761 63.9009 3.99535 15.9783 0
7760 -7.98763 63.901 3.99536 15.9784 0
7770 -7.98764 63.9012 3.99537 15.9784 0
7780 -7.98766 63.9013 3.99537 15.9784 0
7790 -7.98768 63.9014 3.99538 15.9784 0
7800 -7.98769 63.9015 3.99538 15.9785 0
7810 -7.98771 63.9017 3.99539 15.9785 0
7820 -7.98772 63.9018 3.9954 15.9785 0
7830 -7.98774 63.9019 3.9954 15.9785 0
7840 -7.98776 63.902 3.99541 15.9786 0
7850 -7.98573 63.8859 3.9949 15.9755 0
7860 -7.98575 63.886 3.99491 15.9756 0
7870 -7.98577 63.8861 3.99492 15.9756 0
7880 -7.98579 63.8863 3.99492 15.9756 0
7890 -7.9858 63.8864 3.99493 15.9757 0
7900 -7.98582 63.8866 3.99494 15.9757 0
7910 -7.98584 63.8867 3.99494 15.9757 0
7920 -7.98586 63.8869 3.99495 15.9758 0
7930 -7.98588 63.887 3.99496 15.9758 0
7940 -7.98589 63.8872 3.99496 15.9758 0
7950 -7.98591 63.8873 3.99497 15.9758 0
7960 -7.98593 63.8874 3.99497 15.9759 0
7970 -7.98595 63.8876 3.99498 15.9759 0
7980 -7.98596 63.8877 3.99499 15.9759 0
7990 -7.98598 63.8879 3.99499 15.976 0
8000 -7.986 63.888 3.995 15.976 0
8010 -7.98602 63.8881 3.99501 15.976 0
8020 -7.98603 63.8883 3.99501 15.9761 0
8030 -7.98605 63.8884 3.99502 15.9761 0
8040 -7.98607 63.8886 3.99502 15.9761 0
8050 -7.98609 63.8887 3.99503 15.9761 0
8060 -7.9861 63.8888 3.99504 15.9762 0
8070 -7.98612 63.889 3.99504 15.9762 0
8080 -7.98614 63.8891 3.99505 15.9762 0
8090 -7.98616 63.8892 3.99506 15.9763 0
8100 -7.98617 63.8894 3.99506 15.9763 0
8110 -7.98619 63.8895 3.99507 15.9763 0
8120 -7.98621 63.8897 3.99507 15.9764 0
8130 -7.98622 63.8898 3.99508 15.9764 0
8140 -7.98624 63.8899 3.99509 15.9764 0
8150 -7.98626 63.8901 3.99509 15.9764 0
8160 -7.98627 63.8902 3.9951 15.9765 0
8170 -7.98629 63.8903 3.9951 15.9765 0
8180 -7.98631 63.8905 3.99511 15.9765 0
8190 -7.98632 63.8906 3.99512 15.9766 0
8200 -7.98634 63.8907 3.99512 15.9766 0
8210 -7.98538 63.8831 3.99488 15.9752 0
8220 -7.9854 63.8832 3.99489 15.9752 0
8230 -7.98542 63.8834 3.9949 15.9752 0
8240 -7.98544 63.8835 3.9949 15.9752 0
8250 -7.98545 63.8836 3.99491 15.9753 0
8260 -7.98547 63.8838 3.99492 15.9753 0
8270 -7.98549 63.8839 3.99492 15.9753 0
8280 -7.98551 63.8841 3.99493 15.9754 0
8290 -7.98552 63.8842 3.99493 15.9754 0
8300 -7.98554 63.8843 3.99494 15.9754 0
8310 -7.98556 63.8845 3.99495 15.9755 0
8320 -7.98558 63.8846 3.99495 15.9755 0
8330 -7.98559 63.8848 3.99496 15.9755 0
8340 -7.98561 63.8849 3.99496 15.9755 0
8350 -7.98563 63.885 3.99497 15.9756 0
8360 -7.98565 63.8852 3.99498 15.9756 0
8370 -7.98566 63.8853 3.99498 15.9756 0
8380 -7.98568 63.8854 3.99499 15.9757 0
8390 -7.9857 63.8856 3.99499 15.9757 0
8400 -7.98571 63.8857 3.995 15.9757 0
8410 -7.98573 63.8859 3.99501 15.9757 0
8420 -7.98575 63.886 3.99501 15.9758 0
8430 -7.98577 63.8861 3.99502 15.9758 0
8440 -7.98578 63.8863 3.99502 15.9758 0
8450 -7.9858 63.8864 3.99503 15.9759 0
8460 -7.98582 63.8865 3.99504 15.9759 0
8470 -7.98583 63.8867 3.99504 15.9759 0
8480 -7.98585 63.8868 3.99505 15.9759 0
8490 -7.98587 63.8869 3.99505 15.976 0
8500 -7.98588 63.8871 3.99506 15.976 0
8510 -7.9859 63.8872 3.99506 15.976 0
8520 -7.98592 63.8873 3.99507 15.9761 0
8530 -7.98593 63.8875 3.99508 15.9761 0
8540 -7.98595 63.8876 3.99508 15.9761 0
8550 -7.98596 63.8877 3.99509 15.9761 0
8560 -7.98598 63.8879 3.99509 15.9762 0
8570 -7.986 63.888 3.9951 15.9762 0
8580 -7.98601 63.8881 3.9951 15.9762 0
8590 -7.98603 63.8882 3.99511 15.9763 0
8600 -7.98605 63.8884 3.99512 15.9763 0
8610 -7.98606 63.8885 3.99512 15.9763 0
8620 -7.98608 63.8886 3.99513 15.9763 0
8630 -7.9861 63.8888 3.99513 15.9764 0
8640 -7.98611 63.8889 3.99514 15.9764 0
8650 -7.98613 63.889 3.99514 15.9764 0
8660 -7.98614 63.8891 3.99515 15.9764 0
8670 -7.98616 63.8893 3.99516 15.9765 0
8680 -7.98618 63.8894 3.99516 15.9765 0
8690 -7.98619 63.8895 3.99517 15.9765 0
8700 -7.98621 63.8897 3.99517 15.9766 0
8710 -7.98622 63.8898 3.99518 15.9766 0
8720 -7.98624 63.8899 3.99518 15.9766 0
8730 -7.98625 63.89 3.99519 15.9766 0
8740 -7.98627 63.8902 3.99519 15.9767 0
8750 -7.98629 63.8903 3.9952 15.9767 0
8760 -7.9863 63.8904 3.99521 15.9767 0
8770 -7.98632 63.8905 3.99521 15.9767 0
8780 -7.98633 63.8907 3.99522 15.9768 0
8790 -7.98635 63.8908 3.99522 15.9768 0
8800 -7.98636 63.8909 3.99523 15.9768 0
8810 -7.98638 63.891 3.99523 15.9768 0
8820 -7.98639 63.8912 3.99524 15.9769 0
8830 -7.98641 63.8913 3.99524 15.9769 0
8840 -7.98643 63.8914 3.99525 15.9769 0
8850 -7.98644 63.8915 3.99525 15.9769 0
8860 -7.98646 63.8916 3.99526 15.977 0
8870 -7.98647 63.8918 3.99526 15.977 0
8880 -7.98649 63.8919 3.99527 15.977 0
8890 -7.9865 63.892 3.99528 15.9771 0
8900 -7.98652 63.8921 3.99528 15.9771 0
8910 -7.98653 63.8923 3.99529 15.9771 0
8920 -7.98655 63.8924 3.99529 15.9771 0
8930 -7.98656 63.8925 3.9953 15.9772 0
8940 -7.98658 63.8926 3.9953 15.9772 0
8950 -7.98659 63.8927 3.99531 15.9772 0
8960 -7.98661 63.8929 3.99531 15.9772 0
8970 -7.98573 63.8858 3.99509 15.9759 0
8980 -7.98486 63.8788 3.99488 15.9746 0
8990 -7.98487 63.879 3.99488 15.9746 0
9000 -7.98489 63.8791 3.99489 15.9747 0
9010 -7.98491 63.8792 3.99489 15.9747 0
9020 -7.98492 63.8794 3.9949 15.9747 0
9030 -7.98494 63.8795 3.99491 15.9748 0
9040 -7.98496 63.8796 3.99491 15.9748 0
9050 -7.98497 63.8798 3.99492 15.9748 0
9060 -7.98499 63.8799 3.99492 15.9748 0
9070 -7.98501 63.88 3.99493 15.9749 0
9080 -7.98502 63.8802 3.99493 15.9749 0
9090 -7.98504 63.8803 3.99494 15.9749 0
9100 -7.98505 63.8804 3.99495 15.9749 0
9110 -7.98507 63.8806 3.99495 15.975 0
9120 -7.98509 63.8807 3.99496 15.975 0
9130 -7.9851 63.8808 3.99496 15.975 0
9140 -7.98512 63.881 3.99497 15.9751 0
9150 -7.98514 63.8811 3.99497 15.9751 0
9160 -7.98515 63.8812 3.99498 15.9751 0
9170 -7.98517 63.8814 3.99498 15.9751 0
9180 -7.98519 63.8815 3.99499 15.9752 0
9190 -7.9852 63.8816 3.99499 15.9752 0
9200 -7.98522 63.8817 3.995 15.9752 0
9210 -7.98523 63.8819 3.99501 15.9752 0
9220 -7.98525 63.882 3.99501 15.9753 0
9230 -7.98527 63.8821 3.99502 15.9753 0
9240 -7.98528 63.8823 3.99502 15.9753 0
9250 -7.9853 63.8824 3.99503 15.9754 0
9260 -7.98531 63.8825 3.99503 15.9754 0
9270 -7.98533 63.8826 3.99504 15.9754 0
9280 -7.98534 63.8828 3.99504 15.9754 0
9290 -7.98536 63.8829 3.99505 15.9755 0
9300 -7.98538 63.883 3.99505 15.9755 0
9310 -7.98539 63.8831 3.99506 15.9755 0
9320 -7.98541 63.8833 3.99506 15.9755 0
9330 -7.98542 63.8834 3.99507 15.9756 0
9340 -7.98544 63.8835 3.99507 15.9756 0
9350 -7.98545 63.8836 3.99508 15.9756 0
9360 -7.98547 63.8838 3.99509 15.9756 0
9370 -7.98549 63.8839 3.99509 15.9757 0
9380 -7.9855 63.884 3.9951 15.9757 0
9390 -7.98552 63.8841 3.9951 15.9757 0
9400 -7.98553 63.8843 3.99511 15.9757 0
9410 -7.98555 63.8844 3.99511 15.9758 0
9420 -7.98556 63.8845 3.99512 15.9758 0
9430 -7.98558 63.8846 3.99512 15.9758 0
9440 -7.98559 63.8847 3.99513 15.9758 0
9450 -7.98561 63.8849 3.99513 15.9759 0
9460 -7.98562 63.885 3.99514 15.9759 0
9470 -7.98564 63.8851 3.99514 15.9759 0
9480 -7.98565 63.8852 3.99515 15.9759 0
9490 -7.98567 63.8854 3.99515 15.976 0
9500 -7.98568 63.8855 3.99516 15.976 0
9510 -7.9857 63.8856 3.99516 15.976 0
9520 -7.98571 63.8857 3.99517 15.9761 0
9530 -7.98573 63.8858 3.99517 15.9761 0
9540 -7.98574 63.886 3.99518 15.9761 0
9550 -7.98576 63.8861 3.99518 15.9761 0
9560 -7.98577 63.8862 3.99519 15.9762 0
9570 -7.98579 63.8863 3.99519 15.9762 0
9580 -7.9858 63.8864 3.9952 15.9762 0
9590 -7.98582 63.8865 3.9952 15.9762 0
9600 -7.98583 63.8867 3.99521 15.9763 0
9610 -7.98585 63.8868 3.99521 15.9763 0
9620 -7.98586 63.8869 3.99522 15.9763 0
9630 -7.98588 63.887 3.99522 15.9763 0
9640 -7.98589 63.8871 3.99523 15.9763 0
9650 -7.98591 63.8873 3.99523 15.9764 0
9660 -7.98592 63.8874 3.99524 15.9764 0
9670 -7.98594 63.8875 3.99524 15.9764 0
9680 -7.98595 63.8876 3.99525 15.9764 0
9690 -7.98596 63.8877 3.99525 15.9765 0
9700 -7.98598 63.8878 3.99526 15.9765 0
9710 -7.98599 63.888 3.99526 15.9765 0
9720 -7.98601 63.8881 3.99527 15.9765 0
9730 -7.98602 63.8882 3.99527 15.9766 0
9740 -7.98604 63.8883 3.99528 15.9766 0
9750 -7.98605 63.8884 3.99528 15.9766 0
9760 -7.98607 63.8885 3.99529 15.9766 0
9770 -7.98608 63.8886 3.99529 15.9767 0
9780 -7.98609 63.8888 3.9953 15.9767 0
9790 -7.98611 63.8889 3.9953 15.9767 0
9800 -7.98612 63.889 3.99531 15.9767 0
9810 -7.98614 63.8891 3.99531 15.9768 0
9820 -7.98615 63.8892 3.99532 15.9768 0
9830 -7.98616 63.8893 3.99532 15.9768 0
9840 -7.98618 63.8894 3.99533 15.9768 0
9850 -7.98619 63.8895 3.99533 15.9769 0
9860 -7.98621 63.8897 3.99533 15.9769 0
9870 -7.98622 63.8898 3.99534 15.9769 0
9880 -7.98623 63.8899 3.99534 15.9769 0
9890 -7.98625 63.89 3.99535 15.9769 0
9900 -7.98626 63.8901 3.99535 15.977 0
9910 -7.98628 63.8902 3.99536 15.977 0
9920 -7.98629 63.8903 3.99536 15.977 0
9930 -7.9863 63.8904 3.99537 15.977 0
9940 -7.98632 63.8905 3.99537 15.9771 0
9950 -7.98633 63.8907 3.99538 15.9771 0
9960 -7.98635 63.8908 3.99538 15.9771 0
9970 -7.98636 63.8909 3.99539 15.9771 0
9980 -7.98637 63.891 3.99539 15.9772 0
9990 -7.98639 63.8911 3.9954 15.9772 0
