#msc E E^2 |M| M^2 accepted
1000 -8 64 4 16 0
2000 -7.976 63.808 3.992 15.96 0
3000 -7.97867 63.8293 3.99333 15.9653 0
4000 -7.984 63.872 3.995 15.974 0
5000 -7.9872 63.8976 3.996 15.9792 0
6000 -7.98933 63.9147 3.99667 15.9827 0
7000 -7.99086 63.9269 3.99714 15.9851 0
8000 -7.991 63.928 3.99725 15.9855 0
9000 -7.98933 63.9147 3.99644 15.9822 0
10000 -7.9896 63.9168 3.9964 15.9824 0
11000 -7.98836 63.9069 3.99618 15.9807 0
12000 -7.98867 63.9093 3.99633 15.9813 0
13000 -7.98892 63.9114 3.99631 15.9815 0
14000 -7.98971 63.9177 3.99657 15.9829 0
15000 -7.98933 63.9147 3.9964 15.9821 0
16000 -7.9885 63.908 3.99625 15.981 0
17000 -7.98682 63.8946 3.99576 15.9784 0
18000 -7.98756 63.9004 3.996 15.9796 0
19000 -7.98821 63.9057 3.99621 15.9806 0
20000 -7.9876 63.9008 3.996 15.9796 0
21000 -7.98667 63.8933 3.99543 15.9775 0
22000 -7.98727 63.8982 3.99564 15.9785 0
23000 -7.98748 63.8998 3.99565 15.9788 0
24000 -7.98733 63.8987 3.99567 15.9787 0
25000 -7.98784 63.9027 3.99584 15.9795 0
26000 -7.988 63.904 3.99592 15.9798 0
27000 -7.98844 63.9076 3.99607 15.9806 0
28000 -7.98829 63.9063 3.996 15.9803 0
29000 -7.98841 63.9073 3.99607 15.9806 0
30000 -7.98693 63.8955 3.9956 15.9781 0
31000 -7.98735 63.8988 3.99574 15.9788 0
32000 -7.98725 63.898 3.99562 15.9785 0
33000 -7.98764 63.9011 3.99576 15.9792 0
34000 -7.98776 63.9021 3.99582 15.9794 0
35000 -7.98811 63.9049 3.99594 15.98 0
36000 -7.98822 63.9058 3.996 15.9802 0
37000 -7.98854 63.9083 3.99611 15.9808 0
38000 -7.98884 63.9107 3.99621 15.9813 0
39000 -7.9881 63.9048 3.99595 15.98 0
40000 -7.9876 63.9008 3.9958 15.9792 0
41000 -7.9879 63.9032 3.9959 15.9797 0
42000 -7.98686 63.8949 3.99562 15.9781 0
43000 -7.98698 63.8958 3.99567 15.9783 0
44000 -7.98673 63.8938 3.99555 15.9778 0
45000 -7.98631 63.8905 3.99542 15.9772 0
46000 -7.98643 63.8915 3.99543 15.9773 0
47000 -7.98672 63.8938 3.99553 15.9778 0
48000 -7.987 63.896 3.99562 15.9782 0
49000 -7.98727 63.8981 3.99571 15.9787 0
50000 -7.98752 63.9002 3.9958 15.9791 0
51000 -7.98776 63.9021 3.99588 15.9795 0
52000 -7.98785 63.9028 3.99592 15.9797 0
53000 -7.98792 63.9034 3.99596 15.9798 0
54000 -7.98711 63.8969 3.9957 15.9785 0
55000 -7.98691 63.8953 3.99567 15.9783 0
56000 -7.98714 63.8971 3.99575 15.9786 0
57000 -7.98653 63.8922 3.99551 15.9775 0
58000 -7.98579 63.8863 3.99534 15.9765 0
59000 -7.9859 63.8872 3.99539 15.9767 0
60000 -7.98613 63.8891 3.99547 15.9771 0
61000 -7.98636 63.8909 3.99554 15.9774 0
62000 -7.98658 63.8926 3.99561 15.9778 0
63000 -7.98654 63.8923 3.99556 15.9777 0
64000 -7.98675 63.894 3.99562 15.978 0
65000 -7.98683 63.8946 3.99563 15.9781 0
66000 -7.98703 63.8962 3.9957 15.9784 0
67000 -7.98663 63.893 3.99546 15.9776 0
68000 -7.98647 63.8918 3.99544 15.9774 0
69000 -7.98643 63.8915 3.99542 15.9773 0
70000 -7.98651 63.8921 3.99546 15.9774 0
71000 -7.9867 63.8936 3.99552 15.9777 0
72000 -7.98689 63.8951 3.99558 15.9781 0
73000 -7.98707 63.8965 3.99564 15.9784 0
74000 -7.98724 63.8979 3.9957 15.9786 0
75000 -7.98709 63.8967 3.99565 15.9784 0
76000 -7.98726 63.8981 3.99571 15.9787 0
77000 -7.98722 63.8978 3.99569 15.9786 0
78000 -7.98708 63.8966 3.99564 15.9784 0
79000 -7.98724 63.8979 3.9957 15.9786 0
80000 -7.9869 63.8952 3.99555 15.978 0
81000 -7.98706 63.8965 3.9956 15.9783 0
82000 -7.98673 63.8939 3.99551 15.9778 0
83000 -7.9866 63.8928 3.99547 15.9775 0
84000 -7.98667 63.8933 3.9955 15.9777 0
85000 -7.98635 63.8908 3.99544 15.9772 0
86000 -7.98651 63.8921 3.99549 15.9775 0
87000 -7.98648 63.8919 3.99549 15.9775 0
88000 -7.98645 63.8916 3.9955 15.9775 0
89000 -7.98625 63.89 3.99546 15.9772 0
90000 -7.9864 63.8912 3.99551 15.9774 0
91000 -7.98629 63.8903 3.99547 15.9772 0
92000 -7.98626 63.8901 3.99548 15.9772 0
93000 -7.98624 63.8899 3.99548 15.9772 0
94000 -7.98638 63.8911 3.99553 15.9774 0
95000 -7.98653 63.8922 3.99558 15.9777 0
96000 -7.98642 63.8913 3.99556 15.9775 0
97000 -7.98631 63.8905 3.99548 15.9773 0
98000 -7.98629 63.8903 3.99545 15.9772 0
99000 -7.98642 63.8914 3.99549 15.9774 0
100000 -7.98648 63.8918 3.9955 15.9775 0
101000 -7.98646 63.8916 3.99549 15.9774 0
102000 -7.98651 63.8921 3.99551 15.9775 0
103000 -7.98664 63.8931 3.99555 15.9777 0
104000 -7.98638 63.8911 3.99546 15.9773 0
105000 -7.98629 63.8903 3.99545 15.9772 0
106000 -7.98642 63.8913 3.99549 15.9774 0
107000 -7.98654 63.8923 3.99553 15.9776 0
108000 -7.98652 63.8921 3.9955 15.9775 0
109000 -7.98613 63.889 3.99541 15.977 0
110000 -7.98625 63.89 3.99545 15.9772 0
111000 -7.98638 63.891 3.9955 15.9774 0
112000 -7.98636 63.8909 3.9955 15.9774 0
113000 -7.98612 63.889 3.99543 15.977 0
114000 -7.98611 63.8888 3.99544 15.977 0
115000 -7.98581 63.8865 3.99537 15.9766 0
116000 -7.98593 63.8874 3.99541 15.9768 0
117000 -7.98578 63.8862 3.99537 15.9765 0
118000 -7.9859 63.8872 3.99541 15.9767 0
119000 -7.98595 63.8876 3.99543 15.9768 0
120000 -7.98607 63.8885 3.99547 15.977 0
121000 -7.98572 63.8858 3.99529 15.9763 0
122000 -7.98531 63.8825 3.99513 15.9756 0
123000 -7.9853 63.8824 3.99512 15.9755 0
124000 -7.98535 63.8828 3.99515 15.9756 0
125000 -7.98528 63.8822 3.99509 15.9755 0
126000 -7.9854 63.8832 3.99513 15.9757 0
127000 -7.98551 63.8841 3.99517 15.9758 0
128000 -7.98556 63.8845 3.99519 15.9759 0
129000 -7.98555 63.8844 3.99518 15.9759 0
130000 -7.98566 63.8853 3.99522 15.9761 0
131000 -7.98571 63.8857 3.99524 15.9762 0
132000 -7.98527 63.8822 3.99514 15.9755 0
133000 -7.98538 63.8831 3.99517 15.9757 0
134000 -7.98531 63.8825 3.99516 15.9756 0
135000 -7.98524 63.882 3.99513 15.9755 0
136000 -7.98518 63.8814 3.9951 15.9754 0
137000 -7.98523 63.8818 3.99512 15.9755 0
138000 -7.98481 63.8785 3.99497 15.9748 0
139000 -7.98486 63.8789 3.99499 15.9748 0
140000 -7.98497 63.8798 3.99503 15.975 0
141000 -7.98502 63.8802 3.99505 15.9751 0
142000 -7.9849 63.8792 3.99501 15.9749 0
143000 -7.98484 63.8787 3.99501 15.9749 0
144000 -7.98494 63.8796 3.99504 15.975 0
145000 -7.98494 63.8795 3.99505 15.975 0
146000 -7.98504 63.8803 3.99508 15.9752 0
147000 -7.98514 63.8811 3.99512 15.9754 0
148000 -7.98524 63.8819 3.99515 15.9755 0
149000 -7.98502 63.8802 3.9951 15.9752 0
150000 -7.9848 63.8784 3.99501 15.9748 0
151000 -7.98458 63.8767 3.99491 15.9744 0
152000 -7.98468 63.8775 3.99495 15.9746 0
153000 -7.98478 63.8783 3.99498 15.9747 0
154000 -7.98483 63.8786 3.995 15.9748 0
155000 -7.98493 63.8794 3.99503 15.975 0
156000 -7.98503 63.8802 3.99506 15.9752 0
157000 -7.98512 63.881 3.9951 15.9753 0
158000 -7.98522 63.8817 3.99513 15.9755 0
159000 -7.98516 63.8813 3.99512 15.9754 0
160000 -7.98485 63.8788 3.99499 15.9748 0
161000 -7.9847 63.8776 3.99492 15.9745 0
162000 -7.98479 63.8783 3.99495 15.9747 0
163000 -7.98488 63.8791 3.99498 15.9748 0
164000 -7.98498 63.8798 3.99501 15.975 0
165000 -7.98507 63.8805 3.99504 15.9752 0
166000 -7.98516 63.8813 3.99507 15.9753 0
167000 -7.98525 63.882 3.9951 15.9754 0
168000 -7.98505 63.8804 3.99502 15.9751 0
169000 -7.98504 63.8803 3.99502 15.9751 0
170000 -7.98471 63.8776 3.99489 15.9745 0
171000 -7.9847 63.8776 3.99488 15.9745 0
172000 -7.98451 63.8761 3.99481 15.9741 0
173000 -7.98437 63.875 3.99476 15.9739 0
174000 -7.98446 63.8757 3.99479 15.974 0
175000 -7.98432 63.8746 3.99475 15.9738 0
176000 -7.98441 63.8753 3.99478 15.974 0
177000 -7.98441 63.8753 3.99479 15.974 0
178000 -7.98422 63.8738 3.99472 15.9737 0
179000 -7.98427 63.8741 3.99474 15.9737 0
180000 -7.98418 63.8734 3.9947 15.9736 0
181000 -7.98422 63.8738 3.99471 15.9736 0
182000 -7.98431 63.8745 3.99474 15.9738 0
183000 -7.98422 63.8737 3.9947 15.9736 0
184000 -7.98409 63.8727 3.99465 15.9734 0
185000 -7.98413 63.873 3.99467 15.9735 0
186000 -7.98404 63.8723 3.99461 15.9733 0
187000 -7.98409 63.8727 3.99463 15.9733 0
188000 -7.98417 63.8734 3.99466 15.9735 0
189000 -7.98425 63.874 3.99469 15.9736 0
190000 -7.98408 63.8727 3.99463 15.9733 0
191000 -7.98417 63.8733 3.99466 15.9735 0
192000 -7.98421 63.8737 3.99468 15.9736 0
193000 -7.984 63.872 3.9946 15.9732 0
194000 -7.98408 63.8727 3.99463 15.9733 0
195000 -7.98416 63.8733 3.99466 15.9735 0
196000 -7.98424 63.874 3.99468 15.9736 0
197000 -7.98408 63.8726 3.9946 15.9733 0
198000 -7.98408 63.8726 3.9946 15.9733 0
199000 -7.98416 63.8733 3.99462 15.9734 0
200000 -7.9842 63.8736 3.99464 15.9735 0
201000 -7.98428 63.8742 3.99467 15.9736 0
202000 -7.98432 63.8745 3.99467 15.9737 0
203000 -7.98439 63.8752 3.9947 15.9738 0
204000 -7.98447 63.8758 3.99473 15.9739 0
205000 -7.98455 63.8764 3.99475 15.974 0
206000 -7.98458 63.8767 3.99477 15.9741 0
207000 -7.98454 63.8763 3.99475 15.974 0
208000 -7.98435 63.8748 3.9947 15.9738 0
209000 -7.98404 63.8723 3.99458 15.9732 0
210000 -7.984 63.872 3.99456 15.9731 0
211000 -7.98404 63.8723 3.99457 15.9732 0
212000 -7.98404 63.8723 3.99457 15.9732 0
213000 -7.98411 63.8729 3.99459 15.9733 0
214000 -7.98419 63.8735 3.99462 15.9734 0
215000 -7.98422 63.8738 3.99463 15.9735 0
216000 -7.98426 63.8741 3.99465 15.9736 0
217000 -7.98422 63.8738 3.99464 15.9735 0
218000 -7.98429 63.8743 3.99466 15.9736 0
219000 -7.98437 63.8749 3.99468 15.9737 0
220000 -7.98433 63.8746 3.99465 15.9736 0
221000 -7.98414 63.8732 3.99461 15.9734 0
222000 -7.98418 63.8734 3.99462 15.9734 0
223000 -7.98425 63.874 3.99465 15.9735 0
224000 -7.98421 63.8737 3.99464 15.9735 0
225000 -7.98421 63.8737 3.99464 15.9735 0
226000 -7.98425 63.874 3.99465 15.9735 0
227000 -7.98418 63.8734 3.99463 15.9734 0
228000 -7.98425 63.874 3.99465 15.9735 0
229000 -7.98424 63.874 3.99465 15.9735 0
230000 -7.98431 63.8745 3.99467 15.9737 0
231000 -7.98438 63.875 3.99469 15.9738 0
232000 -7.98431 63.8745 3.99468 15.9737 0
233000 -7.98431 63.8745 3.99468 15.9737 0
234000 -7.98431 63.8745 3.99467 15.9736 0
235000 -7.98434 63.8747 3.99467 15.9737 0
236000 -7.98414 63.8731 3.99459 15.9733 0
237000 -7.98407 63.8725 3.99457 15.9732 0
238000 -7.98407 63.8725 3.99455 15.9732 0
239000 -7.984 63.872 3.99454 15.9731 0
240000 -7.98403 63.8723 3.99455 15.9731 0
241000 -7.984 63.872 3.99454 15.9731 0
242000 -7.98397 63.8717 3.99452 15.973 0
243000 -7.98403 63.8723 3.99454 15.9731 0
244000 -7.9841 63.8728 3.99457 15.9732 0
245000 -7.98397 63.8717 3.99452 15.973 0
246000 -7.984 63.872 3.99454 15.9731 0
247000 -7.98397 63.8717 3.99453 15.973 0
248000 -7.9839 63.8712 3.99449 15.9729 0
249000 -7.9839 63.8712 3.9945 15.9729 0
250000 -7.98394 63.8715 3.99451 15.973 0
251000 -7.98387 63.871 3.99448 15.9728 0
252000 -7.98384 63.8707 3.99447 15.9728 0
253000 -7.98391 63.8712 3.99449 15.9729 0
254000 -7.98394 63.8715 3.9945 15.9729 0
255000 -7.98391 63.8712 3.99449 15.9729 0
256000 -7.98394 63.8715 3.99451 15.973 0
257000 -7.984 63.872 3.99453 15.9731 0
258000 -7.98403 63.8722 3.99454 15.9731 0
259000 -7.98385 63.8708 3.9945 15.9728 0
260000 -7.98357 63.8686 3.9944 15.9724 0
261000 -7.98363 63.8691 3.99442 15.9725 0
262000 -7.98366 63.8693 3.99444 15.9725 0
263000 -7.98363 63.8691 3.99443 15.9725 0
264000 -7.9837 63.8696 3.99445 15.9726 0
265000 -7.98352 63.8681 3.99438 15.9723 0
266000 -7.98358 63.8686 3.99441 15.9724 0
267000 -7.98364 63.8691 3.99443 15.9725 0
268000 -7.9837 63.8696 3.99445 15.9726 0
269000 -7.98376 63.8701 3.99447 15.9727 0
270000 -7.98382 63.8706 3.99449 15.9728 0
271000 -7.98353 63.8682 3.99441 15.9723 0
272000 -7.98359 63.8687 3.99443 15.9724 0
273000 -7.98356 63.8685 3.99442 15.9724 0
274000 -7.98347 63.8678 3.99438 15.9722 0
275000 -7.98353 63.8683 3.9944 15.9723 0
276000 -7.98345 63.8676 3.99436 15.9722 0
277000 -7.98348 63.8678 3.99438 15.9722 0
278000 -7.98337 63.8669 3.99434 15.972 0
279000 -7.98343 63.8674 3.99436 15.9721 0
280000 -7.98343 63.8674 3.99435 15.9721 0
281000 -7.98349 63.8679 3.99437 15.9722 0
282000 -7.98346 63.8677 3.99437 15.9722 0
283000 -7.98349 63.8679 3.99438 15.9723 0
284000 -7.98355 63.8684 3.9944 15.9724 0
285000 -7.98352 63.8682 3.9944 15.9723 0
286000 -7.98358 63.8686 3.99442 15.9724 0
287000 -7.9835 63.868 3.99438 15.9723 0
288000 -7.98347 63.8678 3.99437 15.9722 0
289000 -7.98353 63.8682 3.99439 15.9723 0
290000 -7.98359 63.8687 3.99441 15.9724 0
291000 -7.98364 63.8691 3.99443 15.9725 0
292000 -7.98367 63.8694 3.99444 15.9725 0
293000 -7.98373 63.8698 3.99446 15.9726 0
294000 -7.98376 63.87 3.99446 15.9727 0
295000 -7.98378 63.8703 3.99447 15.9727 0
296000 -7.98381 63.8705 3.99447 15.9728 0
297000 -7.98387 63.8709 3.99449 15.9728 0
298000 -7.98384 63.8707 3.99448 15.9728 0
299000 -7.98384 63.8707 3.99449 15.9728 0
300000 -7.98389 63.8711 3.99451 15.9729 0
301000 -7.98381 63.8705 3.99449 15.9728 0
302000 -7.98381 63.8705 3.99449 15.9728 0
303000 -7.98384 63.8707 3.9945 15.9728 0
304000 -7.98389 63.8712 3.99452 15.9729 0
305000 -7.98392 63.8714 3.99453 15.973 0
306000 -7.98376 63.8701 3.99446 15.9727 0
307000 -7.98382 63.8705 3.99448 15.9728 0
308000 -7.98379 63.8703 3.99447 15.9727 0
309000 -7.98384 63.8708 3.99449 15.9728 0
310000 -7.98385 63.8708 3.99448 15.9728 0
311000 -7.98377 63.8701 3.99445 15.9727 0
312000 -7.98359 63.8687 3.99438 15.9723 0
313000 -7.98359 63.8687 3.99438 15.9723 0
314000 -7.98362 63.8689 3.99439 15.9724 0
315000 -7.98357 63.8685 3.99437 15.9723 0
316000 -7.98359 63.8688 3.99439 15.9724 0
317000 -7.98365 63.8692 3.9944 15.9725 0
318000 -7.9837 63.8696 3.99442 15.9725 0
319000 -7.98372 63.8698 3.99443 15.9726 0
320000 -7.98377 63.8702 3.99445 15.9727 0
321000 -7.98373 63.8698 3.99443 15.9726 0
322000 -7.98378 63.8702 3.99445 15.9727 0
323000 -7.98383 63.8706 3.99446 15.9728 0
324000 -7.98388 63.871 3.99448 15.9728 0
325000 -7.98388 63.871 3.99448 15.9728 0
326000 -7.98393 63.8714 3.9945 15.9729 0
327000 -7.98398 63.8718 3.99451 15.973 0
328000 -7.98393 63.8714 3.99449 15.9729 0
329000 -7.98395 63.8716 3.9945 15.9729 0
330000 -7.98381 63.8704 3.99446 15.9727 0
331000 -7.98378 63.8703 3.99445 15.9727 0
332000 -7.98381 63.8705 3.99446 15.9727 0
333000 -7.98381 63.8705 3.99446 15.9727 0
334000 -7.98378 63.8703 3.99445 15.9727 0
335000 -7.98383 63.8707 3.99447 15.9728 0
336000 -7.98386 63.8709 3.99447 15.9728 0
337000 -7.98376 63.8701 3.99442 15.9726 0
338000 -7.98379 63.8703 3.99443 15.9727 0
339000 -7.98383 63.8707 3.99445 15.9727 0
340000 -7.98388 63.8711 3.99446 15.9728 0
341000 -7.98393 63.8714 3.99448 15.9729 0
342000 -7.98398 63.8718 3.9945 15.973 0
343000 -7.98395 63.8716 3.9945 15.9729 0
344000 -7.98395 63.8716 3.9945 15.973 0
345000 -7.98398 63.8718 3.99451 15.973 0
346000 -7.984 63.872 3.99451 15.973 0
347000 -7.98402 63.8722 3.99452 15.9731 0
348000 -7.98398 63.8718 3.99452 15.973 0
349000 -7.98402 63.8722 3.99453 15.9731 0
350000 -7.98407 63.8725 3.99455 15.9732 0
351000 -7.98402 63.8722 3.99454 15.9731 0
352000 -7.98405 63.8724 3.99455 15.9731 0
353000 -7.98409 63.8727 3.99456 15.9732 0
354000 -7.98402 63.8722 3.99454 15.9731 0
355000 -7.98407 63.8725 3.99455 15.9732 0
356000 -7.98404 63.8724 3.99454 15.9731 0
357000 -7.98407 63.8725 3.99455 15.9732 0
358000 -7.98409 63.8727 3.99456 15.9732 0
359000 -7.98413 63.8731 3.99457 15.9733 0
360000 -7.98418 63.8734 3.99459 15.9734 0
361000 -7.98422 63.8738 3.9946 15.9734 0
362000 -7.98424 63.8739 3.99461 15.9735 0
363000 -7.98429 63.8743 3.99463 15.9735 0
364000 -7.98411 63.8729 3.99457 15.9733 0
365000 -7.98409 63.8727 3.99456 15.9732 0
366000 -7.98407 63.8725 3.99455 15.9732 0
367000 -7.984 63.872 3.99453 15.9731 0
368000 -7.98402 63.8722 3.99454 15.9731 0
369000 -7.98407 63.8725 3.99456 15.9732 0
370000 -7.98404 63.8723 3.99456 15.9732 0
371000 -7.98404 63.8723 3.99456 15.9732 0
372000 -7.98409 63.8727 3.99457 15.9732 0
373000 -7.98402 63.8722 3.99456 15.9731 0
374000 -7.98404 63.8723 3.99457 15.9732 0
375000 -7.98409 63.8727 3.99458 15.9732 0
376000 -7.98402 63.8722 3.99456 15.9731 0
377000 -7.98406 63.8725 3.99457 15.9732 0
378000 -7.98398 63.8718 3.99455 15.9731 0
379000 -7.98398 63.8718 3.99455 15.9731 0
380000 -7.984 63.872 3.99456 15.9731 0
381000 -7.98398 63.8718 3.99455 15.9731 0
382000 -7.98398 63.8718 3.99455 15.9731 0
383000 -7.98402 63.8722 3.99457 15.9732 0
384000 -7.98406 63.8725 3.99458 15.9732 0
385000 -7.9841 63.8728 3.9946 15.9733 0
386000 -7.98408 63.8727 3.99459 15.9733 0
387000 -7.98406 63.8725 3.99458 15.9732 0
388000 -7.98406 63.8725 3.99459 15.9732 0
389000 -7.984 63.872 3.99457 15.9731 0
390000 -7.98404 63.8723 3.99458 15.9732 0
391000 -7.98404 63.8723 3.99459 15.9732 0
392000 -7.98408 63.8727 3.9946 15.9733 0
393000 -7.98412 63.873 3.99462 15.9734 0
394000 -7.98406 63.8725 3.99458 15.9732 0
395000 -7.9841 63.8728 3.9946 15.9733 0
396000 -7.98414 63.8731 3.99461 15.9734 0
397000 -7.98394 63.8715 3.99453 15.973 0
398000 -7.9839 63.8712 3.99453 15.973 0
399000 -7.98388 63.871 3.99452 15.9729 0
400000 -7.98392 63.8714 3.99453 15.973 0
401000 -7.98394 63.8715 3.99454 15.973 0
402000 -7.98396 63.8717 3.99455 15.9731 0
403000 -7.984 63.872 3.99456 15.9731 0
404000 -7.98404 63.8723 3.99457 15.9732 0
405000 -7.98408 63.8726 3.99459 15.9733 0
406000 -7.98412 63.8729 3.9946 15.9733 0
407000 -7.98416 63.8733 3.99461 15.9734 0
408000 -7.98414 63.8731 3.99461 15.9734 0
409000 -7.98418 63.8734 3.99462 15.9734 0
410000 -7.98421 63.8737 3.99463 15.9735 0
411000 -7.98425 63.874 3.99465 15.9735 0
412000 -7.98429 63.8743 3.99466 15.9736 0
413000 -7.98429 63.8743 3.99466 15.9736 0
414000 -7.98433 63.8746 3.99467 15.9737 0
415000 -7.98437 63.8749 3.99468 15.9737 0
416000 -7.98438 63.8751 3.99469 15.9738 0
417000 -7.98442 63.8754 3.99471 15.9738 0
418000 -7.98444 63.8755 3.99471 15.9739 0
419000 -7.98442 63.8754 3.9947 15.9738 0
420000 -7.98432 63.8746 3.99466 15.9736 0
421000 -7.98434 63.8747 3.99467 15.9737 0
422000 -7.98425 63.874 3.99463 15.9735 0
423000 -7.98425 63.874 3.99463 15.9735 0
424000 -7.98426 63.8741 3.99464 15.9735 0
425000 -7.98424 63.874 3.99464 15.9735 0
426000 -7.98423 63.8738 3.99463 15.9735 0
427000 -7.98426 63.8741 3.99465 15.9736 0
428000 -7.9843 63.8744 3.99466 15.9736 0
429000 -7.98434 63.8747 3.99467 15.9737 0
430000 -7.98437 63.875 3.99468 15.9737 0
431000 -7.98441 63.8753 3.9947 15.9738 0
432000 -7.98441 63.8753 3.9947 15.9738 0
433000 -7.98437 63.875 3.99469 15.9737 0
434000 -7.98439 63.8751 3.9947 15.9738 0
435000 -7.9844 63.8752 3.9947 15.9738 0
436000 -7.98433 63.8746 3.99467 15.9737 0
437000 -7.98437 63.8749 3.99469 15.9737 0
438000 -7.98438 63.8751 3.99469 15.9738 0
439000 -7.98442 63.8754 3.99471 15.9738 0
440000 -7.98445 63.8756 3.99472 15.9739 0
441000 -7.98442 63.8753 3.99471 15.9738 0
442000 -7.98445 63.8756 3.99472 15.9739 0
443000 -7.98449 63.8759 3.99474 15.974 0
444000 -7.9845 63.876 3.99474 15.974 0
445000 -7.98454 63.8763 3.99476 15.974 0
446000 -7.98457 63.8766 3.99477 15.9741 0
447000 -7.98455 63.8764 3.99476 15.9741 0
448000 -7.98459 63.8767 3.99477 15.9741 0
449000 -7.98455 63.8764 3.99476 15.9741 0
450000 -7.98459 63.8767 3.99477 15.9741 0
451000 -7.98459 63.8767 3.99477 15.9741 0
452000 -7.98455 63.8764 3.99477 15.9741 0
453000 -7.98455 63.8764 3.99476 15.9741 0
454000 -7.98455 63.8764 3.99477 15.9741 0
455000 -7.98458 63.8766 3.99478 15.9741 0
456000 -7.98461 63.8769 3.99479 15.9742 0
457000 -7.98465 63.8772 3.9948 15.9742 0
458000 -7.98468 63.8774 3.99481 15.9743 0
459000 -7.98468 63.8774 3.99481 15.9743 0
460000 -7.98464 63.8771 3.9948 15.9742 0
461000 -7.98464 63.8771 3.9948 15.9742 0
462000 -7.98464 63.8771 3.99481 15.9743 0
463000 -7.9846 63.8768 3.99479 15.9742 0
464000 -7.98464 63.8771 3.9948 15.9742 0
465000 -7.98467 63.8774 3.99481 15.9743 0
466000 -7.98464 63.8771 3.9948 15.9742 0
467000 -7.98467 63.8773 3.99481 15.9743 0
468000 -7.98453 63.8762 3.99476 15.974 0
469000 -7.98456 63.8765 3.99477 15.9741 0
470000 -7.98454 63.8764 3.99476 15.9741 0
471000 -7.98458 63.8766 3.99477 15.9741 0
472000 -7.98461 63.8769 3.99478 15.9742 0
473000 -7.98464 63.8771 3.99479 15.9742 0
474000 -7.98466 63.8773 3.9948 15.9743 0
475000 -7.98469 63.8775 3.99481 15.9743 0
476000 -7.98472 63.8778 3.99482 15.9744 0
477000 -7.98474 63.8779 3.99483 15.9744 0
478000 -7.98477 63.8782 3.99484 15.9744 0
479000 -7.98473 63.8779 3.99483 15.9744 0
480000 -7.98477 63.8781 3.99484 15.9744 0
481000 -7.9848 63.8784 3.99485 15.9745 0
482000 -7.9848 63.8784 3.99484 15.9745 0
483000 -7.9848 63.8784 3.99484 15.9745 0
484000 -7.98479 63.8783 3.99484 15.9745 0
485000 -7.98479 63.8783 3.99485 15.9745 0
486000 -7.98482 63.8786 3.99486 15.9745 0
487000 -7.98484 63.8787 3.99486 15.9746 0
488000 -7.98487 63.879 3.99487 15.9746 0
489000 -7.98488 63.8791 3.99488 15.9746 0
490000 -7.98491 63.8793 3.99489 15.9747 0
491000 -7.98491 63.8793 3.99489 15.9747 0
492000 -7.98486 63.8789 3.99487 15.9746 0
493000 -7.9848 63.8784 3.99485 15.9745 0
494000 -7.98483 63.8786 3.99486 15.9745 0
495000 -7.98486 63.8789 3.99487 15.9746 0
496000 -7.98484 63.8787 3.99485 15.9745 0
497000 -7.98482 63.8786 3.99485 15.9745 0
498000 -7.98484 63.8787 3.99485 15.9745 0
499000 -7.98482 63.8785 3.99485 15.9745 0
500000 -7.98475 63.878 3.99482 15.9744 0
501000 -7.98472 63.8777 3.99481 15.9743 0
502000 -7.98473 63.8779 3.99481 15.9744 0
503000 -7.98476 63.8781 3.99482 15.9744 0
504000 -7.98479 63.8783 3.99483 15.9745 0
505000 -7.98481 63.8785 3.99484 15.9745 0
506000 -7.98482 63.8786 3.99484 15.9745 0
507000 -7.98485 63.8788 3.99485 15.9746 0
508000 -7.98488 63.8791 3.99486 15.9746 0
509000 -7.98485 63.8788 3.99485 15.9745 0
510000 -7.98488 63.879 3.99486 15.9746 0
511000 -7.98489 63.8791 3.99486 15.9746 0
512000 -7.98492 63.8794 3.99487 15.9747 0
513000 -7.98494 63.8795 3.99488 15.9747 0
514000 -7.98484 63.8787 3.99485 15.9745 0
515000 -7.98484 63.8787 3.99485 15.9745 0
516000 -7.98485 63.8788 3.99486 15.9746 0
517000 -7.98484 63.8787 3.99485 15.9745 0
518000 -7.98485 63.8788 3.99485 15.9746 0
519000 -7.98486 63.8789 3.99486 15.9746 0
520000 -7.98486 63.8789 3.99486 15.9746 0
521000 -7.98489 63.8791 3.99487 15.9746 0
522000 -7.98492 63.8794 3.99488 15.9747 0
523000 -7.98489 63.8791 3.99487 15.9746 0
524000 -7.98492 63.8793 3.99488 15.9747 0
525000 -7.98494 63.8796 3.99489 15.9747 0
526000 -7.98494 63.8795 3.99489 15.9747 0
527000 -7.98497 63.8798 3.9949 15.9748 0
528000 -7.98498 63.8799 3.99491 15.9748 0
529000 -7.98497 63.8797 3.9949 15.9748 0
530000 -7.98494 63.8795 3.99489 15.9747 0
531000 -7.98489 63.8791 3.99487 15.9746 0
532000 -7.98492 63.8793 3.99488 15.9747 0
533000 -7.98495 63.8796 3.99489 15.9747 0
534000 -7.98482 63.8786 3.99487 15.9746 0
535000 -7.98484 63.8787 3.99487 15.9746 0
536000 -7.98484 63.8787 3.99487 15.9746 0
537000 -7.98486 63.8789 3.99488 15.9746 0
538000 -7.98489 63.8791 3.99489 15.9747 0
539000 -7.98488 63.879 3.99489 15.9746 0
540000 -7.98486 63.8789 3.99488 15.9746 0
541000 -7.98484 63.8787 3.99487 15.9746 0
542000 -7.98486 63.8788 3.99488 15.9746 0
543000 -7.98488 63.8791 3.99489 15.9747 0
544000 -7.98491 63.8793 3.9949 15.9747 0
545000 -7.98484 63.8787 3.99488 15.9746 0
546000 -7.98478 63.8782 3.99486 15.9745 0
547000 -7.98463 63.877 3.99482 15.9743 0
548000 -7.98466 63.8773 3.99482 15.9743 0
549000 -7.98467 63.8774 3.99483 15.9743 0
550000 -7.98467 63.8774 3.99483 15.9743 0
551000 -7.9847 63.8776 3.99484 15.9744 0
552000 -7.98472 63.8778 3.99485 15.9744 0
553000 -7.98475 63.878 3.99486 15.9745 0
554000 -7.98474 63.8779 3.99486 15.9744 0
555000 -7.98475 63.878 3.99486 15.9745 0
556000 -7.98478 63.8782 3.99487 15.9745 0
557000 -7.9848 63.8784 3.99488 15.9746 0
558000 -7.98476 63.8781 3.99487 15.9745 0
559000 -7.98474 63.878 3.99487 15.9745 0
560000 -7.98474 63.8779 3.99487 15.9745 0
561000 -7.98477 63.8782 3.99488 15.9745 0
562000 -7.98478 63.8783 3.99488 15.9745 0
563000 -7.98478 63.8783 3.99488 15.9745 0
564000 -7.98479 63.8784 3.99489 15.9746 0
565000 -7.98476 63.8781 3.99488 15.9745 0
566000 -7.98479 63.8783 3.99489 15.9746 0
567000 -7.98476 63.8781 3.99488 15.9745 0
568000 -7.98479 63.8783 3.99489 15.9746 0
569000 -7.98472 63.8777 3.99486 15.9744 0
570000 -7.98472 63.8777 3.99487 15.9744 0
571000 -7.98474 63.8779 3.99488 15.9745 0
572000 -7.98477 63.8782 3.99488 15.9745 0
573000 -7.98477 63.8781 3.99488 15.9745 0
574000 -7.98479 63.8784 3.99489 15.9746 0
575000 -7.9847 63.8776 3.99485 15.9744 0
576000 -7.98469 63.8776 3.99485 15.9744 0
577000 -7.98472 63.8778 3.99486 15.9744 0
578000 -7.98475 63.878 3.99487 15.9745 0
579000 -7.98477 63.8782 3.99487 15.9745 0
580000 -7.9847 63.8776 3.99485 15.9744 0
581000 -7.98472 63.8777 3.99486 15.9744 0
582000 -7.98474 63.8779 3.99487 15.9745 0
583000 -7.98471 63.8777 3.99485 15.9744 0
584000 -7.98474 63.8779 3.99486 15.9745 0
585000 -7.98477 63.8781 3.99487 15.9745 0
586000 -7.98479 63.8783 3.99488 15.9745 0
587000 -7.9848 63.8784 3.99488 15.9746 0
588000 -7.9848 63.8784 3.99488 15.9746 0
589000 -7.98483 63.8786 3.99489 15.9746 0
590000 -7.98484 63.8787 3.99489 15.9746 0
591000 -7.98481 63.8785 3.99488 15.9746 0
592000 -7.98484 63.8787 3.99489 15.9746 0
593000 -7.98474 63.8779 3.99485 15.9744 0
594000 -7.98477 63.8781 3.99486 15.9745 0
595000 -7.98478 63.8782 3.99487 15.9745 0
596000 -7.98477 63.8781 3.99487 15.9745 0
597000 -7.98476 63.8781 3.99487 15.9745 0
598000 -7.98478 63.8782 3.99487 15.9745 0
599000 -7.98475 63.878 3.99486 15.9745 0
600000 -7.98477 63.8782 3.99487 15.9745 0
601000 -7.98473 63.8779 3.99486 15.9745 0
602000 -7.98473 63.8778 3.99486 15.9745 0
603000 -7.98473 63.8778 3.99486 15.9744 0
604000 -7.98469 63.8775 3.99485 15.9744 0
605000 -7.9847 63.8776 3.99486 15.9744 0
606000 -7.98471 63.8777 3.99486 15.9744 0
607000 -7.98474 63.8779 3.99487 15.9745 0
608000 -7.9847 63.8776 3.99486 15.9744 0
609000 -7.98472 63.8778 3.99486 15.9744 0
610000 -7.98472 63.8778 3.99487 15.9745 0
611000 -7.98471 63.8777 3.99486 15.9744 0
612000 -7.98471 63.8776 3.99487 15.9744 0
613000 -7.98468 63.8774 3.99486 15.9744 0
614000 -7.98469 63.8775 3.99486 15.9744 0
615000 -7.98472 63.8777 3.99487 15.9745 0
616000 -7.98471 63.8777 3.99487 15.9744 0
617000 -7.98471 63.8777 3.99487 15.9745 0
618000 -7.98463 63.8771 3.99484 15.9743 0
619000 -7.98462 63.877 3.99483 15.9743 0
620000 -7.98463 63.8771 3.99484 15.9743 0
621000 -7.98455 63.8764 3.9948 15.9742 0
622000 -7.98454 63.8763 3.99479 15.9741 0
623000 -7.98455 63.8764 3.99479 15.9741 0
624000 -7.98458 63.8766 3.9948 15.9742 0
625000 -7.9846 63.8768 3.99481 15.9742 0
626000 -7.98463 63.877 3.99482 15.9743 0
627000 -7.98465 63.8772 3.99483 15.9743 0
628000 -7.98468 63.8774 3.99483 15.9743 0
629000 -7.9847 63.8776 3.99484 15.9744 0
630000 -7.9847 63.8776 3.99484 15.9744 0
631000 -7.98466 63.8773 3.99482 15.9743 0
632000 -7.98468 63.8775 3.99483 15.9743 0
633000 -7.98467 63.8774 3.99483 15.9743 0
634000 -7.98469 63.8776 3.99484 15.9744 0
635000 -7.98471 63.8776 3.99484 15.9744 0
636000 -7.98459 63.8767 3.99481 15.9742 0
637000 -7.98453 63.8762 3.99479 15.9741 0
638000 -7.98454 63.8763 3.9948 15.9741 0
639000 -7.98456 63.8765 3.9948 15.9742 0
640000 -7.98459 63.8767 3.99481 15.9742 0
641000 -7.9846 63.8768 3.99482 15.9742 0
642000 -7.98462 63.877 3.99483 15.9743 0
643000 -7.98465 63.8772 3.99483 15.9743 0
644000 -7.98462 63.877 3.99483 15.9743 0
645000 -7.98463 63.8771 3.99483 15.9743 0
646000 -7.98457 63.8766 3.99481 15.9742 0
647000 -7.98447 63.8758 3.99478 15.974 0
648000 -7.98448 63.8759 3.99478 15.974 0
649000 -7.98451 63.876 3.99479 15.9741 0
650000 -7.98453 63.8762 3.9948 15.9741 0
651000 -7.98453 63.8762 3.9948 15.9741 0
652000 -7.98455 63.8764 3.99481 15.9742 0
653000 -7.98444 63.8755 3.99477 15.974 0
654000 -7.98439 63.8751 3.99476 15.9739 0
655000 -7.98439 63.8751 3.99476 15.9739 0
656000 -7.98441 63.8753 3.99477 15.9739 0
657000 -7.98443 63.8754 3.99477 15.974 0
658000 -7.98434 63.8747 3.99474 15.9738 0
659000 -7.98433 63.8746 3.99473 15.9738 0
660000 -7.98435 63.8748 3.99474 15.9738 0
661000 -7.98435 63.8748 3.99474 15.9738 0
662000 -7.98435 63.8748 3.99474 15.9738 0
663000 -7.98434 63.8747 3.99474 15.9738 0
664000 -7.98436 63.8749 3.99475 15.9739 0
665000 -7.98436 63.8749 3.99474 15.9738 0
666000 -7.98436 63.8749 3.99474 15.9738 0
667000 -7.9843 63.8744 3.99472 15.9737 0
668000 -7.98429 63.8743 3.99471 15.9737 0
669000 -7.98422 63.8737 3.9947 15.9736 0
670000 -7.98421 63.8737 3.9947 15.9736 0
671000 -7.9841 63.8728 3.99466 15.9734 0
672000 -7.98411 63.8729 3.99466 15.9734 0
673000 -7.98413 63.873 3.99467 15.9735 0
674000 -7.98405 63.8724 3.99465 15.9733 0
675000 -7.98407 63.8726 3.99465 15.9734 0
676000 -7.98409 63.8728 3.99466 15.9734 0
677000 -7.98406 63.8725 3.99465 15.9734 0
678000 -7.98399 63.8719 3.99461 15.9732 0
679000 -7.98398 63.8718 3.99461 15.9732 0
680000 -7.98399 63.8719 3.99461 15.9732 0
681000 -7.984 63.872 3.99462 15.9732 0
682000 -7.98398 63.8718 3.99461 15.9732 0
683000 -7.984 63.872 3.99462 15.9732 0
684000 -7.98402 63.8722 3.99463 15.9733 0
685000 -7.98398 63.8718 3.99461 15.9732 0
686000 -7.98384 63.8707 3.99457 15.973 0
687000 -7.98386 63.8709 3.99457 15.973 0
688000 -7.98386 63.8709 3.99458 15.973 0
689000 -7.98387 63.871 3.99458 15.973 0
690000 -7.98388 63.8711 3.99458 15.973 0
691000 -7.9839 63.8712 3.99459 15.9731 0
692000 -7.98391 63.8713 3.99459 15.9731 0
693000 -7.98393 63.8714 3.9946 15.9731 0
694000 -7.98394 63.8715 3.99461 15.9732 0
695000 -7.98393 63.8714 3.9946 15.9731 0
696000 -7.98395 63.8716 3.99461 15.9732 0
697000 -7.98394 63.8715 3.99461 15.9732 0
698000 -7.98397 63.8717 3.99462 15.9732 0
699000 -7.98399 63.8719 3.99462 15.9732 0
700000 -7.98401 63.8721 3.99463 15.9733 0
701000 -7.98395 63.8716 3.99461 15.9732 0
702000 -7.98394 63.8715 3.9946 15.9731 0
703000 -7.98397 63.8717 3.99461 15.9732 0
704000 -7.98393 63.8715 3.9946 15.9731 0
705000 -7.98392 63.8714 3.99459 15.9731 0
706000 -7.98394 63.8715 3.9946 15.9731 0
707000 -7.98395 63.8716 3.99461 15.9732 0
708000 -7.98394 63.8715 3.9946 15.9732 0
709000 -7.98392 63.8714 3.99459 15.9731 0
710000 -7.9839 63.8712 3.99458 15.9731 0
711000 -7.98392 63.8714 3.99459 15.9731 0
712000 -7.98394 63.8716 3.9946 15.9731 0
713000 -7.9839 63.8712 3.99458 15.9731 0
714000 -7.9839 63.8712 3.99458 15.9731 0
715000 -7.98387 63.8709 3.99457 15.973 0
716000 -7.98387 63.8709 3.99457 15.973 0
717000 -7.98389 63.8711 3.99458 15.973 0
718000 -7.98388 63.871 3.99457 15.973 0
719000 -7.98387 63.8709 3.99457 15.973 0
720000 -7.98389 63.8711 3.99458 15.973 0
721000 -7.98391 63.8713 3.99458 15.9731 0
722000 -7.98391 63.8713 3.99458 15.9731 0
723000 -7.98393 63.8715 3.99459 15.9731 0
724000 -7.98388 63.871 3.99457 15.973 0
725000 -7.9839 63.8712 3.99458 15.9731 0
726000 -7.98392 63.8714 3.99459 15.9731 0
727000 -7.98393 63.8715 3.99459 15.9731 0
728000 -7.98396 63.8716 3.9946 15.9732 0
729000 -7.98392 63.8714 3.99459 15.9731 0
730000 -7.98388 63.871 3.99458 15.973 0
731000 -7.98388 63.871 3.99459 15.9731 0
732000 -7.9839 63.8712 3.99459 15.9731 0
733000 -7.98392 63.8714 3.9946 15.9731 0
734000 -7.98391 63.8713 3.9946 15.9731 0
735000 -7.98391 63.8713 3.9946 15.9731 0
736000 -7.98393 63.8715 3.99461 15.9732 0
737000 -7.98395 63.8716 3.99461 15.9732 0
738000 -7.98396 63.8717 3.99462 15.9732 0
739000 -7.98398 63.8718 3.99462 15.9732 0
740000 -7.984 63.872 3.99463 15.9733 0
741000 -7.98401 63.8721 3.99463 15.9733 0
742000 -7.984 63.872 3.99463 15.9733 0
743000 -7.98402 63.8722 3.99464 15.9733 0
744000 -7.98403 63.8723 3.99464 15.9733 0
745000 -7.98396 63.8717 3.99462 15.9732 0
746000 -7.98396 63.8717 3.99462 15.9732 0
747000 -7.98398 63.8718 3.99462 15.9732 0
748000 -7.98396 63.8717 3.99462 15.9732 0
749000 -7.9839 63.8712 3.9946 15.9731 0
750000 -7.98393 63.8714 3.99461 15.9731 0
751000 -7.98393 63.8714 3.99461 15.9731 0
752000 -7.98395 63.8716 3.99462 15.9732 0
753000 -7.98395 63.8716 3.99462 15.9732 0
754000 -7.9839 63.8712 3.99461 15.9731 0
755000 -7.98392 63.8713 3.99461 15.9731 0
756000 -7.98389 63.8712 3.9946 15.9731 0
757000 -7.98384 63.8707 3.99459 15.973 0
758000 -7.98386 63.8709 3.9946 15.9731 0
759000 -7.98387 63.871 3.9946 15.9731 0
760000 -7.98389 63.8712 3.99461 15.9731 0
761000 -7.98392 63.8713 3.99462 15.9732 0
762000 -7.98393 63.8714 3.99462 15.9732 0
763000 -7.98394 63.8715 3.99462 15.9732 0
764000 -7.98394 63.8715 3.99462 15.9732 0
765000 -7.98392 63.8713 3.99461 15.9731 0
766000 -7.98394 63.8715 3.99462 15.9732 0
767000 -7.98396 63.8717 3.99463 15.9732 0
768000 -7.98395 63.8716 3.99463 15.9732 0
769000 -7.98397 63.8718 3.99463 15.9732 0
770000 -7.98399 63.8719 3.99464 15.9733 0
771000 -7.98399 63.8719 3.99464 15.9733 0
772000 -7.98397 63.8718 3.99463 15.9732 0
773000 -7.98398 63.8718 3.99464 15.9733 0
774000 -7.984 63.872 3.99465 15.9733 0
775000 -7.984 63.872 3.99465 15.9733 0
776000 -7.98402 63.8722 3.99465 15.9733 0
777000 -7.98401 63.8721 3.99465 15.9733 0
778000 -7.98402 63.8722 3.99465 15.9733 0
779000 -7.98403 63.8722 3.99465 15.9733 0
780000 -7.98404 63.8723 3.99466 15.9734 0
781000 -7.98405 63.8724 3.99466 15.9734 0
782000 -7.98407 63.8726 3.99467 15.9734 0
783000 -7.98401 63.8721 3.99465 15.9733 0
784000 -7.98403 63.8722 3.99466 15.9733 0
785000 -7.98404 63.8723 3.99466 15.9734 0
786000 -7.98403 63.8722 3.99466 15.9734 0
787000 -7.98396 63.8717 3.99464 15.9732 0
788000 -7.98396 63.8717 3.99464 15.9732 0
789000 -7.98398 63.8718 3.99465 15.9733 0
790000 -7.98399 63.8719 3.99465 15.9733 0
791000 -7.98397 63.8718 3.99464 15.9732 0
792000 -7.98396 63.8717 3.99463 15.9732 0
793000 -7.98398 63.8718 3.99464 15.9733 0
794000 -7.984 63.872 3.99464 15.9733 0
795000 -7.98401 63.8721 3.99465 15.9733 0
796000 -7.984 63.872 3.99465 15.9733 0
797000 -7.98402 63.8722 3.99465 15.9733 0
798000 -7.98399 63.8719 3.99464 15.9733 0
799000 -7.98401 63.8721 3.99465 15.9733 0
800000 -7.98398 63.8718 3.99464 15.9733 0
801000 -7.98398 63.8718 3.99464 15.9733 0
802000 -7.98397 63.8718 3.99464 15.9732 0
803000 -7.98396 63.8717 3.99463 15.9732 0
804000 -7.98396 63.8717 3.99463 15.9732 0
805000 -7.98398 63.8718 3.99464 15.9733 0
806000 -7.98396 63.8717 3.99463 15.9732 0
807000 -7.98398 63.8718 3.99464 15.9733 0
808000 -7.98396 63.8717 3.99464 15.9732 0
809000 -7.98398 63.8718 3.99464 15.9733 0
810000 -7.984 63.872 3.99465 15.9733 0
811000 -7.98402 63.8722 3.99466 15.9733 0
812000 -7.98404 63.8723 3.99466 15.9734 0
813000 -7.98405 63.8724 3.99467 15.9734 0
814000 -7.98407 63.8726 3.99467 15.9734 0
815000 -7.98409 63.8727 3.99468 15.9734 0
816000 -7.98409 63.8727 3.99468 15.9735 0
817000 -7.98406 63.8725 3.99467 15.9734 0
818000 -7.98408 63.8726 3.99467 15.9734 0
819000 -7.98408 63.8726 3.99468 15.9734 0
820000 -7.98409 63.8727 3.99468 15.9734 0
821000 -7.9841 63.8728 3.99468 15.9735 0
822000 -7.98408 63.8726 3.99468 15.9734 0
823000 -7.98408 63.8726 3.99468 15.9734 0
824000 -7.98408 63.8726 3.99468 15.9734 0
825000 -7.98407 63.8725 3.99468 15.9734 0
826000 -7.98409 63.8727 3.99468 15.9735 0
827000 -7.98411 63.8729 3.99469 15.9735 0
828000 -7.98413 63.873 3.9947 15.9735 0
829000 -7.98412 63.8729 3.99469 15.9735 0
830000 -7.98413 63.8731 3.9947 15.9735 0
831000 -7.98414 63.8732 3.9947 15.9735 0
832000 -7.98412 63.873 3.99469 15.9735 0
833000 -7.98414 63.8732 3.9947 15.9735 0
834000 -7.98416 63.8733 3.99471 15.9736 0
835000 -7.98418 63.8735 3.99471 15.9736 0
836000 -7.98417 63.8734 3.99471 15.9736 0
837000 -7.98417 63.8734 3.99471 15.9736 0
838000 -7.98419 63.8735 3.99472 15.9736 0
839000 -7.98421 63.8737 3.99472 15.9737 0
840000 -7.98423 63.8738 3.99473 15.9737 0
841000 -7.98422 63.8738 3.99472 15.9737 0
842000 -7.98422 63.8737 3.99472 15.9737 0
843000 -7.98424 63.8739 3.99473 15.9737 0
844000 -7.98426 63.874 3.99473 15.9737 0
845000 -7.98425 63.874 3.99473 15.9737 0
846000 -7.98423 63.8738 3.99473 15.9737 0
847000 -7.98425 63.874 3.99473 15.9737 0
848000 -7.98424 63.8739 3.99473 15.9737 0
849000 -7.98425 63.874 3.99473 15.9737 0
850000 -7.98423 63.8738 3.99473 15.9737 0
851000 -7.98423 63.8738 3.99473 15.9737 0
852000 -7.98424 63.874 3.99473 15.9737 0
853000 -7.98423 63.8738 3.99472 15.9737 0
854000 -7.98424 63.8739 3.99473 15.9737 0
855000 -7.98426 63.8741 3.99474 15.9737 0
856000 -7.98426 63.8741 3.99474 15.9737 0
857000 -7.98425 63.874 3.99474 15.9737 0
858000 -7.98427 63.8742 3.99474 15.9738 0
859000 -7.98426 63.8741 3.99474 15.9737 0
860000 -7.98428 63.8742 3.99475 15.9738 0
861000 -7.9843 63.8744 3.99475 15.9738 0
862000 -7.98432 63.8745 3.99476 15.9738 0
863000 -7.98433 63.8747 3.99476 15.9739 0
864000 -7.98435 63.8748 3.99477 15.9739 0
865000 -7.98437 63.875 3.99478 15.9739 0
866000 -7.98437 63.875 3.99478 15.9739 0
867000 -7.98437 63.875 3.99478 15.9739 0
868000 -7.98438 63.875 3.99478 15.9739 0
869000 -7.98439 63.8751 3.99478 15.974 0
870000 -7.9844 63.8752 3.99479 15.974 0
871000 -7.98442 63.8754 3.9948 15.974 0
872000 -7.98443 63.8754 3.9948 15.974 0
873000 -7.98442 63.8754 3.99479 15.974 0
874000 -7.98442 63.8754 3.99479 15.974 0
875000 -7.98444 63.8755 3.9948 15.974 0
876000 -7.98443 63.8754 3.99479 15.974 0
877000 -7.98445 63.8756 3.9948 15.974 0
878000 -7.98442 63.8754 3.99479 15.974 0
879000 -7.9844 63.8752 3.99478 15.974 0
880000 -7.9844 63.8752 3.99478 15.974 0
881000 -7.98441 63.8753 3.99478 15.974 0
882000 -7.98443 63.8754 3.99479 15.974 0
883000 -7.98444 63.8756 3.9948 15.974 0
884000 -7.98443 63.8755 3.99479 15.974 0
885000 -7.98445 63.8756 3.9948 15.9741 0
886000 -7.98442 63.8753 3.99478 15.974 0
887000 -7.98441 63.8752 3.99478 15.974 0
888000 -7.98441 63.8752 3.99478 15.974 0
889000 -7.98442 63.8754 3.99479 15.974 0
890000 -7.98443 63.8755 3.99479 15.974 0
891000 -7.9844 63.8752 3.99478 15.9739 0
892000 -7.98439 63.8751 3.99478 15.9739 0
893000 -7.9844 63.8752 3.99478 15.974 0
894000 -7.9844 63.8752 3.99478 15.974 0
895000 -7.98442 63.8754 3.99478 15.974 0
896000 -7.98438 63.875 3.99477 15.9739 0
897000 -7.98436 63.8749 3.99476 15.9739 0
898000 -7.98437 63.875 3.99477 15.9739 0
899000 -7.98438 63.8751 3.99477 15.9739 0
900000 -7.9844 63.8752 3.99478 15.974 0
901000 -7.98441 63.8753 3.99478 15.974 0
902000 -7.98441 63.8753 3.99478 15.974 0
903000 -7.98438 63.875 3.99477 15.9739 0
904000 -7.98439 63.8751 3.99477 15.9739 0
905000 -7.98441 63.8753 3.99478 15.974 0
906000 -7.98442 63.8754 3.99479 15.974 0
907000 -7.98444 63.8755 3.99479 15.974 0
908000 -7.98445 63.8756 3.99479 15.974 0
909000 -7.98447 63.8757 3.9948 15.9741 0
910000 -7.98448 63.8759 3.9948 15.9741 0
911000 -7.9845 63.876 3.99481 15.9741 0
912000 -7.9845 63.876 3.99481 15.9741 0
913000 -7.98452 63.8761 3.99482 15.9742 0
914000 -7.98452 63.8761 3.99482 15.9742 0
915000 -7.98451 63.8761 3.99482 15.9741 0
916000 -7.98452 63.8761 3.99482 15.9742 0
917000 -7.9845 63.876 3.99481 15.9741 0
918000 -7.98449 63.8759 3.99481 15.9741 0
919000 -7.9845 63.876 3.99481 15.9741 0
920000 -7.98452 63.8762 3.99482 15.9742 0
921000 -7.98454 63.8763 3.99482 15.9742 0
922000 -7.98456 63.8764 3.99483 15.9742 0
923000 -7.98457 63.8766 3.99483 15.9742 0
924000 -7.98454 63.8763 3.99482 15.9742 0
925000 -7.98454 63.8763 3.99482 15.9742 0
926000 -7.98451 63.8761 3.99482 15.9741 0
927000 -7.98451 63.8761 3.99482 15.9741 0
928000 -7.98449 63.8759 3.99481 15.9741 0
929000 -7.98451 63.8761 3.99482 15.9741 0
930000 -7.98452 63.8762 3.99482 15.9742 0
931000 -7.98454 63.8763 3.99483 15.9742 0
932000 -7.98453 63.8763 3.99483 15.9742 0
933000 -7.98453 63.8763 3.99483 15.9742 0
934000 -7.98453 63.8762 3.99483 15.9742 0
935000 -7.9845 63.876 3.99482 15.9741 0
936000 -7.98444 63.8756 3.9948 15.9741 0
937000 -7.98446 63.8757 3.99481 15.9741 0
938000 -7.98445 63.8756 3.99481 15.9741 0
939000 -7.98446 63.8757 3.99481 15.9741 0
940000 -7.98447 63.8757 3.99481 15.9741 0
941000 -7.98448 63.8758 3.99482 15.9741 0
942000 -7.98445 63.8756 3.99481 15.9741 0
943000 -7.98446 63.8757 3.99481 15.9741 0
944000 -7.98447 63.8757 3.99481 15.9741 0
945000 -7.98446 63.8757 3.99481 15.9741 0
946000 -7.98437 63.875 3.99479 15.9739 0
947000 -7.98438 63.875 3.99479 15.974 0
948000 -7.9844 63.8752 3.99479 15.974 0
949000 -7.98441 63.8753 3.9948 15.974 0
950000 -7.9844 63.8752 3.9948 15.974 0
951000 -7.98437 63.875 3.99479 15.9739 0
952000 -7.98439 63.8751 3.99479 15.974 0
953000 -7.9844 63.8752 3.9948 15.974 0
954000 -7.98442 63.8754 3.99481 15.974 0
955000 -7.98442 63.8754 3.9948 15.974 0
956000 -7.98442 63.8753 3.99481 15.974 0
957000 -7.98443 63.8755 3.99481 15.9741 0
958000 -7.98445 63.8756 3.99482 15.9741 0
959000 -7.98442 63.8753 3.9948 15.974 0
960000 -7.98442 63.8753 3.9948 15.974 0
961000 -7.98441 63.8753 3.9948 15.974 0
962000 -7.98442 63.8754 3.9948 15.974 0
963000 -7.98442 63.8754 3.9948 15.974 0
964000 -7.98443 63.8755 3.99481 15.974 0
965000 -7.98444 63.8755 3.99481 15.9741 0
966000 -7.98443 63.8754 3.99481 15.974 0
967000 -7.9844 63.8752 3.9948 15.974 0
968000 -7.98441 63.8753 3.9948 15.974 0
969000 -7.98442 63.8754 3.99481 15.974 0
970000 -7.98444 63.8755 3.99481 15.9741 0
971000 -7.98443 63.8754 3.99481 15.9741 0
972000 -7.98442 63.8754 3.99481 15.974 0
973000 -7.98444 63.8755 3.99482 15.9741 0
974000 -7.98445 63.8756 3.99482 15.9741 0
975000 -7.98446 63.8757 3.99482 15.9741 0
976000 -7.98445 63.8756 3.99482 15.9741 0
977000 -7.98446 63.8757 3.99483 15.9741 0
978000 -7.98446 63.8757 3.99483 15.9741 0
979000 -7.98446 63.8757 3.99483 15.9741 0
980000 -7.98447 63.8757 3.99483 15.9741 0
981000 -7.98448 63.8758 3.99484 15.9742 0
982000 -7.9845 63.876 3.99484 15.9742 0
983000 -7.9845 63.876 3.99485 15.9742 0
984000 -7.98449 63.8759 3.99484 15.9742 0
985000 -7.98447 63.8758 3.99484 15.9742 0
986000 -7.98449 63.8759 3.99485 15.9742 0
987000 -7.9844 63.8752 3.99481 15.974 0
988000 -7.9844 63.8752 3.99481 15.974 0
989000 -7.9844 63.8752 3.9948 15.974 0
990000 -7.98436 63.8749 3.99479 15.9739 0
991000 -7.98436 63.8748 3.99479 15.9739 0
992000 -7.98436 63.8749 3.99479 15.9739 0
993000 -7.98438 63.875 3.9948 15.974 0
994000 -7.98436 63.8749 3.99479 15.9739 0
995000 -7.98437 63.875 3.99479 15.974 0
996000 -7.98438 63.875 3.9948 15.974 0
997000 -7.98435 63.8748 3.99478 15.9739 0
998000 -7.98435 63.8748 3.99479 15.9739 0
999000 -7.98435 63.8748 3.99479 15.9739 0
